{
  "assembly_metadata": {
    "assembly_name": "1092137960-M1.iam",
    "full_file_name": "C:\\Users\\hrish\\Downloads\\Assemblies for Training ML model\\Assembly 77\\Workspaces\\1092137960-M1\\1092137960-M1.iam",
    "internal_name": "{CD309864-497D-7AC3-2F3F-6D9272690B14}",
    "total_occurrences": 16,
    "total_constraints": 16
  },
  "physics": {
    "mass_kg": 7.506665157162419,
    "center_of_mass": [
      -8.0714020550663932,
      0.01220309106709031,
      72.938698369546344
    ],
    "inertia_tensor": [
      12430.878446993067,
      13222.498858328328,
      1142.1567709406002,
      0.722418000407146,
      -1.691733780961872,
      1968.3269541517943
    ]
  },
  "assembly_graph": {
    "nodes": [
      {
        "node_id": "1092137961-M1:1",
        "file_name": "C:\\Users\\hrish\\Downloads\\Assemblies for Training ML model\\Assembly 77\\Workspaces\\1092137960-M1\\1092137961-M1.ipt",
        "component_type": "kPartDocumentObject",
        "grounded": true,
        "suppressed": false,
        "visible": true,
        "adaptive": false,
        "flexible": false,
        "dof_translation": 0,
        "dof_rotation": 0,
        "fully_constrained": false,
        "transform": {
          "rotation_matrix": [
            [
              1.0,
              0.0,
              0.0
            ],
            [
              0.0,
              1.0,
              0.0
            ],
            [
              0.0,
              0.0,
              1.0
            ]
          ],
          "translation_cm": [
            0.0,
            0.0,
            0.0
          ]
        }
      },
      {
        "node_id": "0298010600-M1-00:3",
        "file_name": "C:\\Users\\hrish\\Downloads\\Assemblies for Training ML model\\Assembly 77\\Workspaces\\1092137960-M1\\0298010600-M1-00.ipt",
        "component_type": "kPartDocumentObject",
        "grounded": false,
        "suppressed": false,
        "visible": true,
        "adaptive": false,
        "flexible": false,
        "dof_translation": 0,
        "dof_rotation": 0,
        "fully_constrained": true,
        "transform": {
          "rotation_matrix": [
            [
              -0.499999999999993,
              0.86602540378443027,
              2.687367539726026E-15
            ],
            [
              -5.28391831506041E-15,
              1.4423799717991764E-15,
              -0.99999999999999667
            ],
            [
              -0.86602540378442883,
              -0.49999999999999911,
              7.0830522745096206E-15
            ]
          ],
          "translation_cm": [
            -22.999999999999744,
            5.2499999999999885,
            104.35000000000021
          ]
        }
      },
      {
        "node_id": "1092137962-M1:1",
        "file_name": "C:\\Users\\hrish\\Downloads\\Assemblies for Training ML model\\Assembly 77\\Workspaces\\1092137960-M1\\1092137962-M1.ipt",
        "component_type": "kPartDocumentObject",
        "grounded": false,
        "suppressed": false,
        "visible": true,
        "adaptive": true,
        "flexible": false,
        "dof_translation": 0,
        "dof_rotation": 0,
        "fully_constrained": true,
        "transform": {
          "rotation_matrix": [
            [
              -1.1674499667385485E-15,
              -0.70710678118654069,
              -0.7071067811865398
            ],
            [
              -0.99999999999999689,
              -2.5653373379264354E-17,
              -2.5653373379264046E-17
            ],
            [
              3.2282347680450673E-15,
              0.70710678118654535,
              -0.70710678118653758
            ]
          ],
          "translation_cm": [
            -19.645436482629965,
            -7.1272363764047326E-16,
            98.3545635173702
          ]
        }
      },
      {
        "node_id": "0298010600-M1-00:2",
        "file_name": "C:\\Users\\hrish\\Downloads\\Assemblies for Training ML model\\Assembly 77\\Workspaces\\1092137960-M1\\0298010600-M1-00.ipt",
        "component_type": "kPartDocumentObject",
        "grounded": false,
        "suppressed": false,
        "visible": true,
        "adaptive": false,
        "flexible": false,
        "dof_translation": 0,
        "dof_rotation": 0,
        "fully_constrained": true,
        "transform": {
          "rotation_matrix": [
            [
              -0.86602540378443882,
              -0.49999999999999994,
              -5.4379560256153679E-15
            ],
            [
              -0.49999999999999994,
              0.86602540378443882,
              1.3314931178225167E-17
            ],
            [
              4.7027505972564775E-15,
              2.7305090814576915E-15,
              -1.0
            ]
          ],
          "translation_cm": [
            -2.4999999999993614,
            -3.0000000000000031,
            117.75
          ]
        }
      },
      {
        "node_id": "0298010600-M1-00:1",
        "file_name": "C:\\Users\\hrish\\Downloads\\Assemblies for Training ML model\\Assembly 77\\Workspaces\\1092137960-M1\\0298010600-M1-00.ipt",
        "component_type": "kPartDocumentObject",
        "grounded": false,
        "suppressed": false,
        "visible": true,
        "adaptive": false,
        "flexible": false,
        "dof_translation": 0,
        "dof_rotation": 0,
        "fully_constrained": true,
        "transform": {
          "rotation_matrix": [
            [
              0.86602540378443815,
              0.49999999999999967,
              -5.4379560256154847E-15
            ],
            [
              0.49999999999999967,
              -0.86602540378443815,
              1.9642890905645382E-16
            ],
            [
              -4.6111936083173621E-15,
              -2.8890904380882505E-15,
              -1.0
            ]
          ],
          "translation_cm": [
            -2.4999999999993614,
            2.9999999999999756,
            117.75000000000003
          ]
        }
      },
      {
        "node_id": "0298010600-M1-00:4",
        "file_name": "C:\\Users\\hrish\\Downloads\\Assemblies for Training ML model\\Assembly 77\\Workspaces\\1092137960-M1\\0298010600-M1-00.ipt",
        "component_type": "kPartDocumentObject",
        "grounded": false,
        "suppressed": false,
        "visible": true,
        "adaptive": false,
        "flexible": false,
        "dof_translation": 0,
        "dof_rotation": 0,
        "fully_constrained": true,
        "transform": {
          "rotation_matrix": [
            [
              -0.86602540378443882,
              -0.49999999999999994,
              -5.4379560256153672E-15
            ],
            [
              -0.49999999999999994,
              0.86602540378443882,
              1.331493117822522E-17
            ],
            [
              4.7027505972564767E-15,
              2.7305090814576911E-15,
              -1.0
            ]
          ],
          "translation_cm": [
            -27.499999999999357,
            -2.9999999999999996,
            117.75
          ]
        }
      },
      {
        "node_id": "0298010600-M1-00:5",
        "file_name": "C:\\Users\\hrish\\Downloads\\Assemblies for Training ML model\\Assembly 77\\Workspaces\\1092137960-M1\\0298010600-M1-00.ipt",
        "component_type": "kPartDocumentObject",
        "grounded": false,
        "suppressed": false,
        "visible": true,
        "adaptive": false,
        "flexible": false,
        "dof_translation": 0,
        "dof_rotation": 0,
        "fully_constrained": true,
        "transform": {
          "rotation_matrix": [
            [
              0.86602540378443815,
              0.49999999999999967,
              -5.4379560256154847E-15
            ],
            [
              0.49999999999999967,
              -0.86602540378443815,
              1.9642890905645416E-16
            ],
            [
              -4.6111936083173621E-15,
              -2.8890904380882505E-15,
              -1.0
            ]
          ],
          "translation_cm": [
            -27.499999999999361,
            2.9999999999999774,
            117.75000000000003
          ]
        }
      },
      {
        "node_id": "0298010600-M1-00:6",
        "file_name": "C:\\Users\\hrish\\Downloads\\Assemblies for Training ML model\\Assembly 77\\Workspaces\\1092137960-M1\\0298010600-M1-00.ipt",
        "component_type": "kPartDocumentObject",
        "grounded": false,
        "suppressed": false,
        "visible": true,
        "adaptive": false,
        "flexible": false,
        "dof_translation": 0,
        "dof_rotation": 0,
        "fully_constrained": true,
        "transform": {
          "rotation_matrix": [
            [
              -0.4999999999999955,
              -0.866025403784429,
              2.6873675397260272E-15
            ],
            [
              1.3928214600422405E-15,
              -5.297197478263773E-15,
              -0.99999999999999667
            ],
            [
              0.8660254037844336,
              -0.49999999999999117,
              7.0830522745096221E-15
            ]
          ],
          "translation_cm": [
            -12.649999999999867,
            5.2499999999999885,
            94.000000000000213
          ]
        }
      },
      {
        "node_id": "0298010600-M1-00:7",
        "file_name": "C:\\Users\\hrish\\Downloads\\Assemblies for Training ML model\\Assembly 77\\Workspaces\\1092137960-M1\\0298010600-M1-00.ipt",
        "component_type": "kPartDocumentObject",
        "grounded": false,
        "suppressed": false,
        "visible": true,
        "adaptive": false,
        "flexible": false,
        "dof_translation": 0,
        "dof_rotation": 0,
        "fully_constrained": true,
        "transform": {
          "rotation_matrix": [
            [
              -0.86602540378443615,
              -0.50000000000000411,
              -7.181536339828941E-16
            ],
            [
              5.0493973850182636E-16,
              5.6172598612008E-16,
              -1.0
            ],
            [
              0.50000000000000411,
              -0.86602540378443615,
              -2.3399910469493794E-16
            ]
          ],
          "translation_cm": [
            -28.94999999999936,
            5.5500000000000007,
            115.0000000000001
          ]
        }
      },
      {
        "node_id": "0298010600-M1-00:8",
        "file_name": "C:\\Users\\hrish\\Downloads\\Assemblies for Training ML model\\Assembly 77\\Workspaces\\1092137960-M1\\0298010600-M1-00.ipt",
        "component_type": "kPartDocumentObject",
        "grounded": false,
        "suppressed": false,
        "visible": true,
        "adaptive": false,
        "flexible": false,
        "dof_translation": 0,
        "dof_rotation": 0,
        "fully_constrained": true,
        "transform": {
          "rotation_matrix": [
            [
              -0.49999999999999944,
              0.86602540378443882,
              1.9100611176346691E-15
            ],
            [
              -9.5503055881733279E-16,
              1.6541614506525195E-15,
              -1.0000000000000002
            ],
            [
              -0.86602540378443882,
              -0.49999999999999944,
              -5.2701470934818683E-32
            ]
          ],
          "translation_cm": [
            -2.99999999999951,
            5.5499999999999732,
            89.000000000000014
          ]
        }
      },
      {
        "node_id": "0298010600-M1-00:9",
        "file_name": "C:\\Users\\hrish\\Downloads\\Assemblies for Training ML model\\Assembly 77\\Workspaces\\1092137960-M1\\0298010600-M1-00.ipt",
        "component_type": "kPartDocumentObject",
        "grounded": false,
        "suppressed": false,
        "visible": true,
        "adaptive": false,
        "flexible": false,
        "dof_translation": 0,
        "dof_rotation": 0,
        "fully_constrained": true,
        "transform": {
          "rotation_matrix": [
            [
              0.49999999999999944,
              -0.86602540378443882,
              1.9100611176346683E-15
            ],
            [
              9.5503055881733279E-16,
              -1.6541614506525213E-15,
              -1.0000000000000002
            ],
            [
              0.86602540378443882,
              0.49999999999999944,
              9.4070402165747528E-32
            ]
          ],
          "translation_cm": [
            -2.99999999999983,
            5.5499999999999856,
            29.000000000000014
          ]
        }
      },
      {
        "node_id": "1092137964-M1:1",
        "file_name": "C:\\Users\\hrish\\Downloads\\Assemblies for Training ML model\\Assembly 77\\Workspaces\\1092137960-M1\\1092137964-M1.ipt",
        "component_type": "kPartDocumentObject",
        "grounded": false,
        "suppressed": false,
        "visible": true,
        "adaptive": false,
        "flexible": false,
        "dof_translation": 0,
        "dof_rotation": 0,
        "fully_constrained": true,
        "transform": {
          "rotation_matrix": [
            [
              -0.99999999999999778,
              -1.9428902930940192E-15,
              -2.641378733690525E-15
            ],
            [
              1.5407439555094195E-32,
              -6.56858655152258E-46,
              0.99999999999999367
            ],
            [
              -9.4829264406549076E-31,
              1.0000000000000002,
              -3.76552617437922E-16
            ]
          ],
          "translation_cm": [
            0.0,
            0.0,
            0.0
          ]
        }
      },
      {
        "node_id": "1092137963-M1:1",
        "file_name": "C:\\Users\\hrish\\Downloads\\Assemblies for Training ML model\\Assembly 77\\Workspaces\\1092137960-M1\\1092137963-M1.ipt",
        "component_type": "kPartDocumentObject",
        "grounded": false,
        "suppressed": false,
        "visible": true,
        "adaptive": false,
        "flexible": false,
        "dof_translation": 0,
        "dof_rotation": 0,
        "fully_constrained": true,
        "transform": {
          "rotation_matrix": [
            [
              1.0,
              -1.556006414455617E-15,
              -1.4693179865921325E-16
            ],
            [
              1.5560064144556166E-15,
              1.0,
              2.7104950077368331E-32
            ],
            [
              1.4693179865921328E-16,
              -2.286268212012371E-31,
              1.0
            ]
          ],
          "translation_cm": [
            -1.1036138699012665E-14,
            5.7999999999999856,
            12.5
          ]
        }
      },
      {
        "node_id": "1092137963-M1:2",
        "file_name": "C:\\Users\\hrish\\Downloads\\Assemblies for Training ML model\\Assembly 77\\Workspaces\\1092137960-M1\\1092137963-M1.ipt",
        "component_type": "kPartDocumentObject",
        "grounded": false,
        "suppressed": false,
        "visible": true,
        "adaptive": false,
        "flexible": false,
        "dof_translation": 0,
        "dof_rotation": 0,
        "fully_constrained": true,
        "transform": {
          "rotation_matrix": [
            [
              0.999999999999999,
              -2.8358771243139907E-15,
              1.4693179865921303E-16
            ],
            [
              -2.8358771243139904E-15,
              -0.999999999999999,
              1.3314931178237937E-17
            ],
            [
              1.4693179865921298E-16,
              -1.3314931178237936E-17,
              -0.999999999999999
            ]
          ],
          "translation_cm": [
            7.0135357086724472E-15,
            -5.7999999999999874,
            12.5
          ]
        }
      },
      {
        "node_id": "1092137963-M1:3",
        "file_name": "C:\\Users\\hrish\\Downloads\\Assemblies for Training ML model\\Assembly 77\\Workspaces\\1092137960-M1\\1092137963-M1.ipt",
        "component_type": "kPartDocumentObject",
        "grounded": false,
        "suppressed": false,
        "visible": true,
        "adaptive": false,
        "flexible": false,
        "dof_translation": 0,
        "dof_rotation": 0,
        "fully_constrained": true,
        "transform": {
          "rotation_matrix": [
            [
              1.0,
              -1.556006414455617E-15,
              -1.4693179865921325E-16
            ],
            [
              1.5560064144556166E-15,
              1.0,
              2.7104950077368331E-32
            ],
            [
              1.4693179865921328E-16,
              -2.286268212012371E-31,
              1.0
            ]
          ],
          "translation_cm": [
            -6.59962880874022E-15,
            5.7999999999999856,
            105.60000000000001
          ]
        }
      },
      {
        "node_id": "1092137963-M1:4",
        "file_name": "C:\\Users\\hrish\\Downloads\\Assemblies for Training ML model\\Assembly 77\\Workspaces\\1092137960-M1\\1092137963-M1.ipt",
        "component_type": "kPartDocumentObject",
        "grounded": false,
        "suppressed": false,
        "visible": true,
        "adaptive": false,
        "flexible": false,
        "dof_translation": 0,
        "dof_rotation": 0,
        "fully_constrained": true,
        "transform": {
          "rotation_matrix": [
            [
              0.999999999999999,
              -2.8358771243139907E-15,
              1.4693179865921293E-16
            ],
            [
              -2.8358771243139904E-15,
              -0.999999999999999,
              2.6629862356475461E-17
            ],
            [
              1.4693179865921283E-16,
              -2.6629862356475461E-17,
              -0.999999999999999
            ]
          ],
          "translation_cm": [
            1.1450045598944902E-14,
            -5.7999999999999883,
            105.60000000000001
          ]
        }
      }
    ],
    "constraint_edges": [
      {
        "constraint_name": "Insert:1",
        "constraint_type": "kInsertConstraint",
        "suppressed": false,
        "health_status": "kUpToDateHealth",
        "node_one_id": "0298010600-M1-00:2",
        "node_two_id": "1092137961-M1:1",
        "axes_opposed": true,
        "lock_rotation": false,
        "entity_one": {
          "entity_type": "67120288",
          "proxy_context_occurrence": "0298010600-M1-00:2",
          "owner_document": "C:\\Users\\hrish\\Downloads\\Assemblies for Training ML model\\Assembly 77\\Workspaces\\1092137960-M1\\0298010600-M1-00.ipt",
          "reference_key_string": "AQQBABAAAAAAAAAAAgAAAAQAAAAGAAAA",
          "context_key_string": "nsIrpNQR6AFgAC2z7in7sAQAAB5AAADIMgIotS/9IIFFAwBkBQABAADtN0PA0xEdDmAAALgylIewAAABAQAAsS28CdARH+wACNywOz6oCQIBAACyBAAAAFQAZQBzAHQA2wo4WsZExAF7vGOHYYfvxgD/////AAAAAAAABgBICM1Q4SAAYOo/XxjmxA==",
          "curve_type": "kCircleCurve",
          "length_cm": 2.5132741228718345,
          "edge_midpoint": [
            0.4,
            0.0,
            -0.090000000000000011
          ],
          "edge_tangent_at_mid": [
            0.0,
            1.0,
            0.0
          ],
          "edge_start_vertex": [
            -0.4,
            4.8984254152895092E-17,
            -0.090000000000000011
          ],
          "edge_end_vertex": [
            -0.4,
            4.8984254152895092E-17,
            -0.090000000000000011
          ]
        },
        "entity_two": {
          "entity_type": "67120288",
          "proxy_context_occurrence": "1092137961-M1:1",
          "owner_document": "C:\\Users\\hrish\\Downloads\\Assemblies for Training ML model\\Assembly 77\\Workspaces\\1092137960-M1\\1092137961-M1.ipt",
          "reference_key_string": "AQQBABAAAAAAAAAAAgAAAAQAAAAGAAAA",
          "context_key_string": "nsIrpNQR6AFgAC2z7in7sAQAAB5AAADIMgIotS/9IIFVAwCkBQABAADtN0PA0xEdDmAAALgylIewAAABAQAAsS28CdARH+wACNywOz6oCQIBAACyBAAAAFQAZQBzAHQAM3r0yUFDpzVaXqmz1SNr+QD/////AQABAAAAAAAAAAUADBUOAgCm/vOFYU4M",
          "curve_type": "kCircleCurve",
          "length_cm": 3.2986722862691509,
          "edge_midpoint": [
            -3.0249999999993404,
            -3.0000000000000009,
            117.8
          ],
          "edge_tangent_at_mid": [
            -1.2246467991474237E-16,
            -1.0,
            4.570367933608676E-18
          ],
          "edge_start_vertex": [
            -1.9749999999993615,
            -3.0000000000000009,
            117.8
          ],
          "edge_end_vertex": [
            -1.9749999999993615,
            -3.0000000000000009,
            117.8
          ]
        }
      },
      {
        "constraint_name": "Insert:2",
        "constraint_type": "kInsertConstraint",
        "suppressed": false,
        "health_status": "kUpToDateHealth",
        "node_one_id": "0298010600-M1-00:1",
        "node_two_id": "1092137961-M1:1",
        "axes_opposed": true,
        "lock_rotation": false,
        "entity_one": {
          "entity_type": "67120288",
          "proxy_context_occurrence": "0298010600-M1-00:1",
          "owner_document": "C:\\Users\\hrish\\Downloads\\Assemblies for Training ML model\\Assembly 77\\Workspaces\\1092137960-M1\\0298010600-M1-00.ipt",
          "reference_key_string": "AQQBABAAAAAAAAAAAgAAAAQAAAAGAAAA",
          "context_key_string": "nsIrpNQR6AFgAC2z7in7sAQAAB5AAADIMgIotS/9IIFFAwBkBQABAADtN0PA0xEdDmAAALgylIewAAABAQAAsS28CdARH+wACNywOz6oCQIBAACyBAAAAFQAZQBzAHQA2wo4WsZExAF7vGOHYYfvxgD/////AAAAAAAABgBICM1Q4SAAYOo/XxjmxA==",
          "curve_type": "kCircleCurve",
          "length_cm": 2.5132741228718345,
          "edge_midpoint": [
            0.4,
            0.0,
            -0.090000000000000011
          ],
          "edge_tangent_at_mid": [
            0.0,
            1.0,
            0.0
          ],
          "edge_start_vertex": [
            -0.4,
            4.8984254152895092E-17,
            -0.090000000000000011
          ],
          "edge_end_vertex": [
            -0.4,
            4.8984254152895092E-17,
            -0.090000000000000011
          ]
        },
        "entity_two": {
          "entity_type": "67120288",
          "proxy_context_occurrence": "1092137961-M1:1",
          "owner_document": "C:\\Users\\hrish\\Downloads\\Assemblies for Training ML model\\Assembly 77\\Workspaces\\1092137960-M1\\1092137961-M1.ipt",
          "reference_key_string": "AQQBABAAAAAAAAAAAgAAAAcAAAAGAAAA",
          "context_key_string": "nsIrpNQR6AFgAC2z7in7sAQAAB5AAADIMgIotS/9IIFVAwCkBQABAADtN0PA0xEdDmAAALgylIewAAABAQAAsS28CdARH+wACNywOz6oCQIBAACyBAAAAFQAZQBzAHQAM3r0yUFDpzVaXqmz1SNr+QD/////AQABAAAAAAAAAAUADBUOAgCm/vOFYU4M",
          "curve_type": "kCircleCurve",
          "length_cm": 3.2986722862691509,
          "edge_midpoint": [
            -3.0249999999993404,
            2.9999999999999982,
            117.8
          ],
          "edge_tangent_at_mid": [
            -1.2246467991474237E-16,
            -1.0,
            4.570367933608676E-18
          ],
          "edge_start_vertex": [
            -1.9749999999993615,
            2.9999999999999982,
            117.8
          ],
          "edge_end_vertex": [
            -1.9749999999993615,
            2.9999999999999982,
            117.8
          ]
        }
      },
      {
        "constraint_name": "Angle:1",
        "constraint_type": "kAngleConstraint",
        "suppressed": false,
        "health_status": "kUpToDateHealth",
        "node_one_id": "0298010600-M1-00:2",
        "node_two_id": "1092137961-M1:1",
        "angle_rad": 0.0,
        "solution": "kDirectedSolution",
        "entity_one": {
          "entity_type": "67119520",
          "proxy_context_occurrence": "0298010600-M1-00:2",
          "owner_document": "C:\\Users\\hrish\\Downloads\\Assemblies for Training ML model\\Assembly 77\\Workspaces\\1092137960-M1\\0298010600-M1-00.ipt",
          "reference_key_string": "AQQJAFAAAAAAAAAAAgAAAAUAAAADAAAACgAAAAYAAAANAAAABgAAAA8AAAAGAAAAFAAAAAYAAAAWAAAABgAAABkAAAAGAAAAHAAAAAYAAAAdAAAABgAAAA==",
          "context_key_string": "nsIrpNQR6AFgAC2z7in7sAQAAB5AAADIMgIotS/9IIFFAwBkBQABAADtN0PA0xEdDmAAALgylIewAAABAQAAsS28CdARH+wACNywOz6oCQIBAACyBAAAAFQAZQBzAHQA2wo4WsZExAF7vGOHYYfvxgD/////AAAAAAAABgBICM1Q4SAAYOo/XxjmxA==",
          "surface_type": "kPlaneSurface",
          "area_cm2": 0.44647435427503973,
          "face_normal_at_center": [
            0.4999999999999995,
            -0.86602540378443893,
            0.0
          ],
          "face_point_at_center": [
            0.35000000000000003,
            -0.6062177826491072,
            0.25499999999999995
          ],
          "face_bbox_min": [
            0.0,
            -0.808290376865476,
            -0.050000000000000037
          ],
          "face_bbox_max": [
            0.70000000000000018,
            -0.40414518843273839,
            0.55999999999999994
          ],
          "loops": [
            {
              "is_outer": true,
              "edge_reference_keys": [
                "AQQBABAAAAAAAAAAAgAAAAoAAAAGAAAA",
                "AQQBABAAAAAAAAAAAgAAAA0AAAAGAAAA",
                "AQQBABAAAAAAAAAAAgAAAA8AAAAGAAAA",
                "AQQBABAAAAAAAAAAAgAAABQAAAAGAAAA",
                "AQQBABAAAAAAAAAAAgAAABYAAAAGAAAA",
                "AQQBABAAAAAAAAAAAgAAABkAAAAGAAAA",
                "AQQBABAAAAAAAAAAAgAAABwAAAAGAAAA",
                "AQQBABAAAAAAAAAAAgAAAB0AAAAGAAAA"
              ]
            }
          ]
        },
        "entity_two": {
          "entity_type": "67119520",
          "proxy_context_occurrence": "1092137961-M1:1",
          "owner_document": "C:\\Users\\hrish\\Downloads\\Assemblies for Training ML model\\Assembly 77\\Workspaces\\1092137960-M1\\1092137961-M1.ipt",
          "reference_key_string": "AQQHAEAAAAAAAAAAAgAAAAgAAAADAAAADgAAAAYAAAASAAAABgAAABYAAAAGAAAAGQAAAAYAAAAbAAAABgAAABwAAAAGAAAA",
          "context_key_string": "nsIrpNQR6AFgAC2z7in7sAQAAB5AAADIMgIotS/9IIFVAwCkBQABAADtN0PA0xEdDmAAALgylIewAAABAQAAsS28CdARH+wACNywOz6oCQIBAACyBAAAAFQAZQBzAHQAM3r0yUFDpzVaXqmz1SNr+QD/////AQABAAAAAAAAAAUADBUOAgCm/vOFYU4M",
          "surface_type": "kPlaneSurface",
          "area_cm2": 534.75336953467752,
          "face_normal_at_center": [
            -1.6980381646544322E-15,
            -1.0,
            -1.331493117823839E-17
          ],
          "face_point_at_center": [
            -2.6750000000000003,
            -5.7999999999999829,
            58.971464466094055
          ],
          "face_bbox_min": [
            -5.0000000000000142,
            -5.7999999999999874,
            0.29999999999999716
          ],
          "face_bbox_max": [
            -0.34999999999998455,
            -5.7999999999999776,
            117.64292893218811
          ],
          "loops": [
            {
              "is_outer": true,
              "edge_reference_keys": [
                "AQQBABAAAAAAAAAAAgAAAA4AAAAGAAAA",
                "AQQBABAAAAAAAAAAAgAAABIAAAAGAAAA",
                "AQQBABAAAAAAAAAAAgAAABYAAAAGAAAA",
                "AQQBABAAAAAAAAAAAgAAABkAAAAGAAAA",
                "AQQBABAAAAAAAAAAAgAAABsAAAAGAAAA",
                "AQQBABAAAAAAAAAAAgAAABwAAAAGAAAA"
              ]
            }
          ]
        }
      },
      {
        "constraint_name": "Angle:2",
        "constraint_type": "kAngleConstraint",
        "suppressed": false,
        "health_status": "kUpToDateHealth",
        "node_one_id": "0298010600-M1-00:1",
        "node_two_id": "1092137961-M1:1",
        "angle_rad": 0.0,
        "solution": "kDirectedSolution",
        "entity_one": {
          "entity_type": "67119520",
          "proxy_context_occurrence": "0298010600-M1-00:1",
          "owner_document": "C:\\Users\\hrish\\Downloads\\Assemblies for Training ML model\\Assembly 77\\Workspaces\\1092137960-M1\\0298010600-M1-00.ipt",
          "reference_key_string": "AQQJAFAAAAAAAAAAAgAAAAUAAAADAAAACgAAAAYAAAANAAAABgAAAA8AAAAGAAAAFAAAAAYAAAAWAAAABgAAABkAAAAGAAAAHAAAAAYAAAAdAAAABgAAAA==",
          "context_key_string": "nsIrpNQR6AFgAC2z7in7sAQAAB5AAADIMgIotS/9IIFFAwBkBQABAADtN0PA0xEdDmAAALgylIewAAABAQAAsS28CdARH+wACNywOz6oCQIBAACyBAAAAFQAZQBzAHQA2wo4WsZExAF7vGOHYYfvxgD/////AAAAAAAABgBICM1Q4SAAYOo/XxjmxA==",
          "surface_type": "kPlaneSurface",
          "area_cm2": 0.44647435427503973,
          "face_normal_at_center": [
            0.4999999999999995,
            -0.86602540378443893,
            0.0
          ],
          "face_point_at_center": [
            0.35000000000000003,
            -0.6062177826491072,
            0.25499999999999995
          ],
          "face_bbox_min": [
            0.0,
            -0.808290376865476,
            -0.050000000000000037
          ],
          "face_bbox_max": [
            0.70000000000000018,
            -0.40414518843273839,
            0.55999999999999994
          ],
          "loops": [
            {
              "is_outer": true,
              "edge_reference_keys": [
                "AQQBABAAAAAAAAAAAgAAAAoAAAAGAAAA",
                "AQQBABAAAAAAAAAAAgAAAA0AAAAGAAAA",
                "AQQBABAAAAAAAAAAAgAAAA8AAAAGAAAA",
                "AQQBABAAAAAAAAAAAgAAABQAAAAGAAAA",
                "AQQBABAAAAAAAAAAAgAAABYAAAAGAAAA",
                "AQQBABAAAAAAAAAAAgAAABkAAAAGAAAA",
                "AQQBABAAAAAAAAAAAgAAABwAAAAGAAAA",
                "AQQBABAAAAAAAAAAAgAAAB0AAAAGAAAA"
              ]
            }
          ]
        },
        "entity_two": {
          "entity_type": "67119520",
          "proxy_context_occurrence": "1092137961-M1:1",
          "owner_document": "C:\\Users\\hrish\\Downloads\\Assemblies for Training ML model\\Assembly 77\\Workspaces\\1092137960-M1\\1092137961-M1.ipt",
          "reference_key_string": "AQQHAEAAAAAAAAAAAgAAAB0AAAADAAAAIAAAAAYAAAAmAAAABgAAACoAAAAGAAAALgAAAAYAAAAwAAAABgAAADEAAAAGAAAA",
          "context_key_string": "nsIrpNQR6AFgAC2z7in7sAQAAB5AAADIMgIotS/9IIFVAwCkBQABAADtN0PA0xEdDmAAALgylIewAAABAQAAsS28CdARH+wACNywOz6oCQIBAACyBAAAAFQAZQBzAHQAM3r0yUFDpzVaXqmz1SNr+QD/////AQABAAAAAAAAAAUADBUOAgCm/vOFYU4M",
          "surface_type": "kPlaneSurface",
          "area_cm2": 169.53746805953006,
          "face_normal_at_center": [
            7.51036501872738E-16,
            1.0,
            1.9642890905646055E-16
          ],
          "face_point_at_center": [
            -20.178535533905873,
            5.7999999999999678,
            115.32500000000009
          ],
          "face_bbox_min": [
            -39.999999999999957,
            5.7999999999999536,
            112.99999999999999
          ],
          "face_bbox_max": [
            -0.35707106781182318,
            5.800000000000054,
            117.65000000000019
          ],
          "loops": [
            {
              "is_outer": false,
              "edge_reference_keys": [
                "AQQBABAAAAAAAAAAAgAAACAAAAAGAAAA"
              ]
            },
            {
              "is_outer": true,
              "edge_reference_keys": [
                "AQQBABAAAAAAAAAAAgAAACYAAAAGAAAA",
                "AQQBABAAAAAAAAAAAgAAACoAAAAGAAAA",
                "AQQBABAAAAAAAAAAAgAAAC4AAAAGAAAA",
                "AQQBABAAAAAAAAAAAgAAADAAAAAGAAAA",
                "AQQBABAAAAAAAAAAAgAAADEAAAAGAAAA"
              ]
            }
          ]
        }
      },
      {
        "constraint_name": "Flush:3",
        "constraint_type": "kFlushConstraint",
        "suppressed": false,
        "health_status": "kUpToDateHealth",
        "node_one_id": "1092137963-M1:1",
        "node_two_id": "1092137961-M1:1",
        "offset_cm": -12.5,
        "entity_one": {
          "entity_type": "83887776",
          "proxy_context_occurrence": "1092137963-M1:1",
          "owner_document": "C:\\Users\\hrish\\Downloads\\Assemblies for Training ML model\\Assembly 77\\Workspaces\\1092137960-M1\\1092137963-M1.ipt",
          "reference_key_string": "EAIAABAAAAALAAAAAAAAAIAAAAAAAAAA",
          "context_key_string": "nsIrpNQR6AFgAC2z7in7sAQAAB5AAADIMgIotS/9IIFFAwBkBQABAADtN0PA0xEdDmAAALgylIewAAABAQAAsS28CdARH+wACNywOz6oCQIBAACyBAAAAFQAZQBzAHQAbBzP9uVG5LSm2Z+/s4g4xwD/////AAAAAAAABgBICM1Q4SAAYOo/XxjmxA==",
          "surface_type": "kPlaneSurface",
          "area_cm2": 0.0001,
          "face_normal_at_center": [
            0.0,
            0.0,
            1.0
          ],
          "face_point_at_center": [
            0.0,
            0.0,
            0.0
          ],
          "work_feature_name": "XY Plane"
        },
        "entity_two": {
          "entity_type": "83887776",
          "proxy_context_occurrence": "1092137961-M1:1",
          "owner_document": "C:\\Users\\hrish\\Downloads\\Assemblies for Training ML model\\Assembly 77\\Workspaces\\1092137960-M1\\1092137961-M1.ipt",
          "reference_key_string": "EAIAABAAAAALAAAAAAAAAIAAAAAAAAAA",
          "context_key_string": "nsIrpNQR6AFgAC2z7in7sAQAAB5AAADIMgIotS/9IIFVAwCkBQABAADtN0PA0xEdDmAAALgylIewAAABAQAAsS28CdARH+wACNywOz6oCQIBAACyBAAAAFQAZQBzAHQAM3r0yUFDpzVaXqmz1SNr+QD/////AQABAAAAAAAAAAUADBUOAgCm/vOFYU4M",
          "surface_type": "kPlaneSurface",
          "area_cm2": 0.0001,
          "face_normal_at_center": [
            0.0,
            0.0,
            1.0
          ],
          "face_point_at_center": [
            0.0,
            0.0,
            0.0
          ],
          "work_feature_name": "XY Plane"
        }
      },
      {
        "constraint_name": "Flush:4",
        "constraint_type": "kFlushConstraint",
        "suppressed": false,
        "health_status": "kUpToDateHealth",
        "node_one_id": "1092137963-M1:1",
        "node_two_id": "1092137961-M1:1",
        "offset_cm": 0.0,
        "entity_one": {
          "entity_type": "67119520",
          "proxy_context_occurrence": "1092137963-M1:1",
          "owner_document": "C:\\Users\\hrish\\Downloads\\Assemblies for Training ML model\\Assembly 77\\Workspaces\\1092137960-M1\\1092137963-M1.ipt",
          "reference_key_string": "AQQLAGAAAAAAAAAAAgAAAAEAAAADAAAABwAAAAYAAAAKAAAABgAAAAwAAAAGAAAADQAAAAYAAAATAAAABgAAABYAAAAGAAAAGQAAAAYAAAAcAAAABgAAAB4AAAAGAAAAHwAAAAYAAAA=",
          "context_key_string": "nsIrpNQR6AFgAC2z7in7sAQAAB5AAADIMgIotS/9IIFFAwBkBQABAADtN0PA0xEdDmAAALgylIewAAABAQAAsS28CdARH+wACNywOz6oCQIBAACyBAAAAFQAZQBzAHQAbBzP9uVG5LSm2Z+/s4g4xwD/////AAAAAAAABgBICM1Q4SAAYOo/XxjmxA==",
          "surface_type": "kPlaneSurface",
          "area_cm2": 35.222699081698714,
          "face_normal_at_center": [
            -1.4084432558887591E-16,
            1.0,
            1.0016772699984829E-33
          ],
          "face_point_at_center": [
            2.4250000000000003,
            2.0305359876494E-16,
            2.2204460492503131E-16
          ],
          "face_bbox_min": [
            0.35000000000000003,
            -2.0670645484700623E-16,
            -5.5
          ],
          "face_bbox_max": [
            4.5,
            6.7816098771432284E-16,
            5.5
          ],
          "loops": [
            {
              "is_outer": false,
              "edge_reference_keys": [
                "AQQBABAAAAAAAAAAAgAAAAcAAAAGAAAA",
                "AQQBABAAAAAAAAAAAgAAAAoAAAAGAAAA",
                "AQQBABAAAAAAAAAAAgAAAAwAAAAGAAAA",
                "AQQBABAAAAAAAAAAAgAAAA0AAAAGAAAA"
              ]
            },
            {
              "is_outer": true,
              "edge_reference_keys": [
                "AQQBABAAAAAAAAAAAgAAABMAAAAGAAAA",
                "AQQBABAAAAAAAAAAAgAAABYAAAAGAAAA",
                "AQQBABAAAAAAAAAAAgAAABkAAAAGAAAA",
                "AQQBABAAAAAAAAAAAgAAABwAAAAGAAAA",
                "AQQBABAAAAAAAAAAAgAAAB4AAAAGAAAA",
                "AQQBABAAAAAAAAAAAgAAAB8AAAAGAAAA"
              ]
            }
          ]
        },
        "entity_two": {
          "entity_type": "67119520",
          "proxy_context_occurrence": "1092137961-M1:1",
          "owner_document": "C:\\Users\\hrish\\Downloads\\Assemblies for Training ML model\\Assembly 77\\Workspaces\\1092137960-M1\\1092137961-M1.ipt",
          "reference_key_string": "AQQMAGgAAAAAAAAAAgAAADIAAAADAAAANgAAAAYAAAA5AAAABgAAADwAAAAGAAAAQAAAAAYAAABCAAAABgAAAEMAAAAGAAAARgAAAAYAAABJAAAABgAAAEwAAAAGAAAATwAAAAYAAABSAAAABgAAAA==",
          "context_key_string": "nsIrpNQR6AFgAC2z7in7sAQAAB5AAADIMgIotS/9IIFVAwCkBQABAADtN0PA0xEdDmAAALgylIewAAABAQAAsS28CdARH+wACNywOz6oCQIBAACyBAAAAFQAZQBzAHQAM3r0yUFDpzVaXqmz1SNr+QD/////AQABAAAAAAAAAAUADBUOAgCm/vOFYU4M",
          "surface_type": "kPlaneSurface",
          "area_cm2": 531.86703128419174,
          "face_normal_at_center": [
            -1.6968507400444926E-15,
            1.0,
            -1.3467463121845882E-17
          ],
          "face_point_at_center": [
            -2.675,
            5.7999999999999821,
            58.971464466094055
          ],
          "face_bbox_min": [
            -5.0000000000000133,
            5.7999999999999616,
            0.29999999999999716
          ],
          "face_bbox_max": [
            -0.34999999999998455,
            5.7999999999999883,
            117.64292893218811
          ],
          "loops": [
            {
              "is_outer": true,
              "edge_reference_keys": [
                "AQQBABAAAAAAAAAAAgAAADYAAAAGAAAA",
                "AQQBABAAAAAAAAAAAgAAADkAAAAGAAAA",
                "AQQBABAAAAAAAAAAAgAAADwAAAAGAAAA",
                "AQQBABAAAAAAAAAAAgAAAEAAAAAGAAAA",
                "AQQBABAAAAAAAAAAAgAAAEIAAAAGAAAA",
                "AQQBABAAAAAAAAAAAgAAAEMAAAAGAAAA"
              ]
            },
            {
              "is_outer": false,
              "edge_reference_keys": [
                "AQQBABAAAAAAAAAAAgAAAEYAAAAGAAAA"
              ]
            },
            {
              "is_outer": false,
              "edge_reference_keys": [
                "AQQBABAAAAAAAAAAAgAAAEkAAAAGAAAA"
              ]
            },
            {
              "is_outer": false,
              "edge_reference_keys": [
                "AQQBABAAAAAAAAAAAgAAAEwAAAAGAAAA"
              ]
            },
            {
              "is_outer": false,
              "edge_reference_keys": [
                "AQQBABAAAAAAAAAAAgAAAE8AAAAGAAAA"
              ]
            },
            {
              "is_outer": false,
              "edge_reference_keys": [
                "AQQBABAAAAAAAAAAAgAAAFIAAAAGAAAA"
              ]
            }
          ]
        }
      },
      {
        "constraint_name": "Flush:6",
        "constraint_type": "kFlushConstraint",
        "suppressed": false,
        "health_status": "kUpToDateHealth",
        "node_one_id": "1092137963-M1:1",
        "node_two_id": "1092137961-M1:1",
        "offset_cm": 0.0,
        "entity_one": {
          "entity_type": "83887776",
          "proxy_context_occurrence": "1092137963-M1:1",
