{
  "assembly_metadata": {
    "assembly_name": "1092137436-M1.iam",
    "full_file_name": "C:\\Users\\hrish\\Downloads\\Assemblies for Training ML model\\Assembly 75\\Workspaces\\1092137436-M1\\1092137436-M1.iam",
    "internal_name": "{27E5010C-45D7-47FE-67D4-CFB4A27BA48B}",
    "total_occurrences": 140,
    "total_constraints": 185
  },
  "physics": {
    "mass_kg": 277.19204451845434,
    "center_of_mass": [
      133.71040142411459,
      80.144782954321158,
      -4.758720010515022
    ],
    "inertia_tensor": [
      619311.1285300164,
      1835624.9435016881,
      2439488.88828975,
      58785.39317148304,
      860.5749964976311,
      -6383.6346312815849
    ]
  },
  "assembly_graph": {
    "nodes": [
      {
        "node_id": "1092137436-M2:1",
        "file_name": "C:\\Users\\hrish\\Downloads\\Assemblies for Training ML model\\Assembly 75\\Workspaces\\1092137436-M1\\1092137436-M2.ipt",
        "component_type": "kPartDocumentObject",
        "grounded": true,
        "suppressed": false,
        "visible": true,
        "adaptive": false,
        "flexible": false,
        "dof_translation": 0,
        "dof_rotation": 0,
        "fully_constrained": false,
        "transform": {
          "rotation_matrix": [
            [
              1.0,
              0.0,
              0.0
            ],
            [
              0.0,
              1.0,
              0.0
            ],
            [
              0.0,
              0.0,
              1.0
            ]
          ],
          "translation_cm": [
            0.0,
            0.0,
            0.0
          ]
        }
      },
      {
        "node_id": "1092137436-M3:1",
        "file_name": "C:\\Users\\hrish\\Downloads\\Assemblies for Training ML model\\Assembly 75\\Workspaces\\1092137436-M1\\1092137436-M3.ipt",
        "component_type": "kPartDocumentObject",
        "grounded": false,
        "suppressed": false,
        "visible": true,
        "adaptive": true,
        "flexible": false,
        "dof_translation": 0,
        "dof_rotation": 0,
        "fully_constrained": true,
        "transform": {
          "rotation_matrix": [
            [
              -0.99999999999999856,
              2.7755575615629037E-16,
              -2.2181550711003544E-17
            ],
            [
              8.3266726846886553E-16,
              -1.0000000000000022,
              -9.9500530362463027E-15
            ],
            [
              9.3098610380448411E-30,
              -9.9616125736396126E-15,
              0.99999999999999978
            ]
          ],
          "translation_cm": [
            279.39999999999969,
            159.99999999999997,
            5.5511151231257507E-17
          ]
        }
      },
      {
        "node_id": "1092137436-M4:1",
        "file_name": "C:\\Users\\hrish\\Downloads\\Assemblies for Training ML model\\Assembly 75\\Workspaces\\1092137436-M1\\1092137436-M4.ipt",
        "component_type": "kPartDocumentObject",
        "grounded": false,
        "suppressed": false,
        "visible": true,
        "adaptive": false,
        "flexible": false,
        "dof_translation": 0,
        "dof_rotation": 0,
        "fully_constrained": true,
        "transform": {
          "rotation_matrix": [
            [
              -5.8371745594312878E-16,
              -2.2181550711009574E-17,
              1.0
            ],
            [
              1.0,
              3.6419364250456267E-16,
              5.8371745594312878E-16
            ],
            [
              -3.6419364250451045E-16,
              1.0,
              2.2181550711009309E-17
            ]
          ],
          "translation_cm": [
            279.39999999999981,
            1.6234743027163589E-13,
            -13.699999999999976
          ]
        }
      },
      {
        "node_id": "1092137436-M5:1",
        "file_name": "C:\\Users\\hrish\\Downloads\\Assemblies for Training ML model\\Assembly 75\\Workspaces\\1092137436-M1\\1092137436-M5.ipt",
        "component_type": "kPartDocumentObject",
        "grounded": false,
        "suppressed": false,
        "visible": true,
        "adaptive": false,
        "flexible": false,
        "dof_translation": 0,
        "dof_rotation": 0,
        "fully_constrained": true,
        "transform": {
          "rotation_matrix": [
            [
              0.0,
              0.0,
              -1.0
            ],
            [
              -1.0,
              5.803194271772445E-17,
              0.0
            ],
            [
              5.803194271772445E-17,
              1.0,
              0.0
            ]
          ],
          "translation_cm": [
            0.0,
            160.0,
            -13.700000000000008
          ]
        }
      },
      {
        "node_id": "1092137436-M6:1",
        "file_name": "C:\\Users\\hrish\\Downloads\\Assemblies for Training ML model\\Assembly 75\\Workspaces\\1092137436-M1\\1092137436-M6.ipt",
        "component_type": "kPartDocumentObject",
        "grounded": false,
        "suppressed": false,
        "visible": true,
        "adaptive": false,
        "flexible": false,
        "dof_translation": 0,
        "dof_rotation": 0,
        "fully_constrained": true,
        "transform": {
          "rotation_matrix": [
            [
              1.7709283235210847E-48,
              -0.99999999999999989,
              -2.870999839450834E-19
            ],
            [
              -0.99999999999999989,
              -5.7967588362749207E-33,
              1.7018353738974471E-15
            ],
            [
              -1.7018353738974467E-15,
              2.8709998394745E-19,
              -1.0
            ]
          ],
          "translation_cm": [
            201.20000000000005,
            79.999999999999986,
            -13.099999999999861
          ]
        }
      },
      {
        "node_id": "1092137436-M6:2",
        "file_name": "C:\\Users\\hrish\\Downloads\\Assemblies for Training ML model\\Assembly 75\\Workspaces\\1092137436-M1\\1092137436-M6.ipt",
        "component_type": "kPartDocumentObject",
        "grounded": false,
        "suppressed": false,
        "visible": true,
        "adaptive": false,
        "flexible": false,
        "dof_translation": 0,
        "dof_rotation": 0,
        "fully_constrained": true,
        "transform": {
          "rotation_matrix": [
            [
              1.5998713820751835E-48,
              -0.99999999999999989,
              -2.870999839450834E-19
            ],
            [
              -0.99999999999999989,
              -5.79675883627492E-33,
              1.7018353738974471E-15
            ],
            [
              -1.7018353738974467E-15,
              2.8709998394745E-19,
              -1.0
            ]
          ],
          "translation_cm": [
            78.2,
            79.999999999999986,
            -13.099999999999861
          ]
        }
      },
      {
        "node_id": "1092137436-M7:1",
        "file_name": "C:\\Users\\hrish\\Downloads\\Assemblies for Training ML model\\Assembly 75\\Workspaces\\1092137436-M1\\1092137436-M7.ipt",
        "component_type": "kPartDocumentObject",
        "grounded": false,
        "suppressed": false,
        "visible": true,
        "adaptive": true,
        "flexible": false,
        "dof_translation": 0,
        "dof_rotation": 0,
        "fully_constrained": true,
        "transform": {
          "rotation_matrix": [
            [
              3.0117808943379684E-33,
              1.0,
              6.123233995736766E-17
            ],
            [
              -1.0,
              3.0117808943379684E-33,
              2.8901987277967457E-49
            ],
            [
              7.7151487934298365E-66,
              -6.123233995736766E-17,
              1.0
            ]
          ],
          "translation_cm": [
            190.2,
            79.7,
            -4.4
          ]
        }
      },
      {
        "node_id": "1092137436-M8:1",
        "file_name": "C:\\Users\\hrish\\Downloads\\Assemblies for Training ML model\\Assembly 75\\Workspaces\\1092137436-M1\\1092137436-M8.ipt",
        "component_type": "kPartDocumentObject",
        "grounded": false,
        "suppressed": false,
        "visible": true,
        "adaptive": false,
        "flexible": false,
        "dof_translation": 0,
        "dof_rotation": 0,
        "fully_constrained": true,
        "transform": {
          "rotation_matrix": [
            [
              3.0117808943379465E-33,
              1.0,
              1.7151244994428829E-15
            ],
            [
              -1.0,
              -7.3730615453477645E-32,
              4.4744504770786915E-17
            ],
            [
              4.4744504770786915E-17,
              -1.7151244994428829E-15,
              1.0
            ]
          ],
          "translation_cm": [
            67.200000000000017,
            79.7,
            -4.4000000000002784
          ]
        }
      },
      {
        "node_id": "1092137436-M8:2",
        "file_name": "C:\\Users\\hrish\\Downloads\\Assemblies for Training ML model\\Assembly 75\\Workspaces\\1092137436-M1\\1092137436-M8.ipt",
        "component_type": "kPartDocumentObject",
        "grounded": false,
        "suppressed": false,
        "visible": true,
        "adaptive": false,
        "flexible": false,
        "dof_translation": 0,
        "dof_rotation": 0,
        "fully_constrained": true,
        "transform": {
          "rotation_matrix": [
            [
              9.6690078278109348E-16,
              -1.0,
              -1.7151244994427995E-15
            ],
            [
              1.0,
              9.66900782781246E-16,
              -1.0006357078410381E-14
            ],
            [
              1.0006357078410381E-14,
              -1.7151244994428766E-15,
              1.0
            ]
          ],
          "translation_cm": [
            212.2,
            80.300000000000125,
            -4.4000000000010724
          ]
        }
      },
      {
        "node_id": "1092137436-M8:3",
        "file_name": "C:\\Users\\hrish\\Downloads\\Assemblies for Training ML model\\Assembly 75\\Workspaces\\1092137436-M1\\1092137436-M8.ipt",
        "component_type": "kPartDocumentObject",
        "grounded": false,
        "suppressed": false,
        "visible": true,
        "adaptive": false,
        "flexible": false,
        "dof_translation": 0,
        "dof_rotation": 0,
        "fully_constrained": true,
        "transform": {
          "rotation_matrix": [
            [
              9.6690078278099862E-16,
              -1.0,
              -2.90352731667024E-15
            ],
            [
              1.0,
              9.6690078278125776E-16,
              -1.0006357078410383E-14
            ],
            [
              1.0006357078410383E-14,
              -2.9035273166704041E-15,
              1.0
            ]
          ],
          "translation_cm": [
            89.19999999999996,
            80.30000000000021,
            -4.400000000001735
          ]
        }
      },
      {
        "node_id": "1092137436-M9:1",
        "file_name": "C:\\Users\\hrish\\Downloads\\Assemblies for Training ML model\\Assembly 75\\Workspaces\\1092137436-M1\\1092137436-M9.ipt",
        "component_type": "kPartDocumentObject",
        "grounded": false,
        "suppressed": false,
        "visible": true,
        "adaptive": false,
        "flexible": false,
        "dof_translation": 0,
        "dof_rotation": 0,
        "fully_constrained": true,
        "transform": {
          "rotation_matrix": [
            [
              0.99999999999999967,
              3.2301909127063841E-33,
              2.3785439202124374E-47
            ],
            [
              3.2301909127063841E-33,
              -0.99999999999999967,
              6.1232339957367611E-17
            ],
            [
              5.4738221262688149E-48,
              -6.1232339957367636E-17,
              -1.0
            ]
          ],
          "translation_cm": [
            122.20000000000007,
            39.600000000000016,
            -2.0999999999999996
          ]
        }
      },
      {
        "node_id": "1092137436-M9:2",
        "file_name": "C:\\Users\\hrish\\Downloads\\Assemblies for Training ML model\\Assembly 75\\Workspaces\\1092137436-M1\\1092137436-M9.ipt",
        "component_type": "kPartDocumentObject",
        "grounded": false,
        "suppressed": false,
        "visible": true,
        "adaptive": false,
        "flexible": false,
        "dof_translation": 0,
        "dof_rotation": 0,
        "fully_constrained": true,
        "transform": {
          "rotation_matrix": [
            [
              0.99999999999999967,
              2.3498324942504439E-17,
              -4.0465466673479156E-32
            ],
            [
              2.3498324942504439E-17,
              -0.99999999999999967,
              -6.1232339957367734E-17
            ],
            [
              -4.1904324094787368E-32,
              6.1232339957367636E-17,
              -1.0
            ]
          ],
          "translation_cm": [
            122.20000000000007,
            55.600000000000009,
            -2.100000000000001
          ]
        }
      },
      {
        "node_id": "1092137436-M10:1",
        "file_name": "C:\\Users\\hrish\\Downloads\\Assemblies for Training ML model\\Assembly 75\\Workspaces\\1092137436-M1\\1092137436-M10.ipt",
        "component_type": "kPartDocumentObject",
        "grounded": false,
        "suppressed": false,
        "visible": true,
        "adaptive": false,
        "flexible": false,
        "dof_translation": 0,
        "dof_rotation": 0,
        "fully_constrained": true,
        "transform": {
          "rotation_matrix": [
            [
              1.0,
              2.3602949042317252E-17,
              5.147976989100781E-32
            ],
            [
              2.3602949042317252E-17,
              -1.0,
              -9.4941075965749281E-16
            ],
            [
              2.90708761105843E-32,
              9.4941075965749281E-16,
              -1.0
            ]
          ],
          "translation_cm": [
            88.2,
            49.0,
            -12.900000000000007
          ]
        }
      },
      {
        "node_id": "0298010600-M1:5",
        "file_name": "C:\\Users\\hrish\\Downloads\\Assemblies for Training ML model\\Assembly 75\\Workspaces\\1092137436-M1\\0298010600-M1.ipt",
        "component_type": "kPartDocumentObject",
        "grounded": false,
        "suppressed": false,
        "visible": true,
        "adaptive": false,
        "flexible": false,
        "dof_translation": 0,
        "dof_rotation": 0,
        "fully_constrained": true,
        "transform": {
          "rotation_matrix": [
            [
              0.86602540378443882,
              -0.49999999999999972,
              -2.0284478434078191E-30
            ],
            [
              -0.49999999999999972,
              -0.86602540378443882,
              -5.803194271772445E-17
            ],
            [
              2.9015971358860456E-17,
              5.0257136624513755E-17,
              -1.0
            ]
          ],
          "translation_cm": [
            7.2,
            2.5,
            -0.050000000000000142
          ]
        }
      },
      {
        "node_id": "0298010600-M1:6",
        "file_name": "C:\\Users\\hrish\\Downloads\\Assemblies for Training ML model\\Assembly 75\\Workspaces\\1092137436-M1\\0298010600-M1.ipt",
        "component_type": "kPartDocumentObject",
        "grounded": false,
        "suppressed": false,
        "visible": true,
        "adaptive": false,
        "flexible": false,
        "dof_translation": 0,
        "dof_rotation": 0,
        "fully_constrained": true,
        "transform": {
          "rotation_matrix": [
            [
              0.86602540378443715,
              -0.49999999999999883,
              -1.4199529732469498E-30
            ],
            [
              -0.49999999999999956,
              -0.8660254037844386,
              -5.8031942717721738E-17
            ],
            [
              2.9015971358862206E-17,
              5.0257136624512738E-17,
              -0.99999999999999856
            ]
          ],
          "translation_cm": [
            2.1999999999999886,
            7.5,
            -0.049999999999999947
          ]
        }
      },
      {
        "node_id": "0298010600-M1:76",
        "file_name": "C:\\Users\\hrish\\Downloads\\Assemblies for Training ML model\\Assembly 75\\Workspaces\\1092137436-M1\\0298010600-M1.ipt",
        "component_type": "kPartDocumentObject",
        "grounded": false,
        "suppressed": false,
        "visible": true,
        "adaptive": false,
        "flexible": false,
        "dof_translation": 0,
        "dof_rotation": 0,
        "fully_constrained": true,
        "transform": {
          "rotation_matrix": [
            [
              1.0,
              -8.6836221123585859E-66,
              1.282199931451448E-49
            ],
            [
              -5.5314999586742084E-67,
              -1.0,
              -5.803194271772445E-17
            ],
            [
              1.282199931451448E-49,
              5.803194271772445E-17,
              -1.0
            ]
          ],
          "translation_cm": [
            269.5,
            2.5,
            0.040000000000000008
          ]
        }
      },
      {
        "node_id": "0298010600-M1:77",
        "file_name": "C:\\Users\\hrish\\Downloads\\Assemblies for Training ML model\\Assembly 75\\Workspaces\\1092137436-M1\\0298010600-M1.ipt",
        "component_type": "kPartDocumentObject",
        "grounded": false,
        "suppressed": false,
        "visible": true,
        "adaptive": false,
        "flexible": false,
        "dof_translation": 0,
        "dof_rotation": 0,
        "fully_constrained": true,
        "transform": {
          "rotation_matrix": [
            [
              1.0,
              -8.6836221123585859E-66,
              1.282199931451448E-49
            ],
            [
              -5.5314999586742084E-67,
              -1.0,
              -5.803194271772445E-17
            ],
            [
              1.282199931451448E-49,
              5.803194271772445E-17,
              -1.0
            ]
          ],
          "translation_cm": [
            241.5,
            2.5,
            0.040000000000000008
          ]
        }
      },
      {
        "node_id": "0298010800-M1:7",
        "file_name": "C:\\Users\\hrish\\Downloads\\Assemblies for Training ML model\\Assembly 75\\Workspaces\\1092137436-M1\\0298010800-M1.ipt",
        "component_type": "kPartDocumentObject",
        "grounded": false,
        "suppressed": false,
        "visible": true,
        "adaptive": false,
        "flexible": false,
        "dof_translation": 0,
        "dof_rotation": 0,
        "fully_constrained": true,
        "transform": {
          "rotation_matrix": [
            [
              1.0052042657117291E-16,
              -0.99999999999999989,
              7.5171287807480268E-17
            ],
            [
              -1.0000000000000009,
              1.0501875891413962E-17,
              5.0912248579932513E-15
            ],
            [
              -4.9790922663860781E-15,
              5.4835805775455142E-31,
              -1.0000000000000004
            ]
          ],
          "translation_cm": [
            76.820000000000007,
            76.550000000000011,
            -0.080000000000000043
          ]
        }
      },
      {
        "node_id": "0298010800-M1:8",
        "file_name": "C:\\Users\\hrish\\Downloads\\Assemblies for Training ML model\\Assembly 75\\Workspaces\\1092137436-M1\\0298010800-M1.ipt",
        "component_type": "kPartDocumentObject",
        "grounded": false,
        "suppressed": false,
        "visible": true,
        "adaptive": false,
        "flexible": false,
        "dof_translation": 0,
        "dof_rotation": 0,
        "fully_constrained": true,
        "transform": {
          "rotation_matrix": [
            [
              1.0052042657117275E-16,
              -0.99999999999999944,
              3.371812558286676E-18
            ],
            [
              -0.99999999999999911,
              1.0501875891304545E-17,
              -5.6933435176973344E-17
            ],
            [
              -1.2802704537451379E-47,
              1.8728070518705021E-34,
              -0.99999999999999878
            ]
          ],
          "translation_cm": [
            96.220000000000041,
            45.625,
            -0.079999999999999821
          ]
        }
      },
      {
        "node_id": "0298010800-M1:9",
        "file_name": "C:\\Users\\hrish\\Downloads\\Assemblies for Training ML model\\Assembly 75\\Workspaces\\1092137436-M1\\0298010800-M1.ipt",
        "component_type": "kPartDocumentObject",
        "grounded": false,
        "suppressed": false,
        "visible": true,
        "adaptive": false,
        "flexible": false,
        "dof_translation": 0,
        "dof_rotation": 0,
        "fully_constrained": true,
        "transform": {
          "rotation_matrix": [
            [
              1.0052042657117289E-16,
              -0.99999999999999911,
              6.1108499953258921E-16
            ],
            [
              -1.0000000000000004,
              1.1207249005164991E-15,
              2.5033170267884103E-16
            ],
            [
              1.0785207688568525E-31,
              2.2776310543346018E-32,
              -1.0
            ]
          ],
          "translation_cm": [
            76.819999999999979,
            14.700000000000005,
            -0.079999999999999988
          ]
        }
      },
      {
        "node_id": "0298010800-M1:10",
        "file_name": "C:\\Users\\hrish\\Downloads\\Assemblies for Training ML model\\Assembly 75\\Workspaces\\1092137436-M1\\0298010800-M1.ipt",
        "component_type": "kPartDocumentObject",
        "grounded": false,
        "suppressed": false,
        "visible": true,
        "adaptive": false,
        "flexible": false,
        "dof_translation": 0,
        "dof_rotation": 0,
        "fully_constrained": true,
        "transform": {
          "rotation_matrix": [
            [
              1.0052042657117278E-16,
              -0.99999999999999933,
              3.8080589810849843E-16
            ],
            [
              -0.99999999999999933,
              -3.7807618272745874E-16,
              -2.30537909166714E-16
            ],
            [
              -4.48853414354043E-46,
              -1.4878137996393853E-32,
              -0.99999999999999889
            ]
          ],
          "translation_cm": [
            96.220000000000013,
            14.7,
            -0.079999999999999877
          ]
        }
      },
      {
        "node_id": "0298010800-M1:11",
        "file_name": "C:\\Users\\hrish\\Downloads\\Assemblies for Training ML model\\Assembly 75\\Workspaces\\1092137436-M1\\0298010800-M1.ipt",
        "component_type": "kPartDocumentObject",
        "grounded": false,
        "suppressed": false,
        "visible": true,
        "adaptive": false,
        "flexible": false,
        "dof_translation": 0,
        "dof_rotation": 0,
        "fully_constrained": true,
        "transform": {
          "rotation_matrix": [
            [
              1.0052042657117276E-16,
              -0.99999999999999956,
              6.9978886343462474E-17
            ],
            [
              -0.99999999999999956,
              -6.0012078765249316E-16,
              -4.5020819035459478E-17
            ],
            [
              1.2325951644078299E-32,
              2.2408162921592142E-32,
              -0.99999999999999956
            ]
          ],
          "translation_cm": [
            96.220000000000013,
            76.550000000000011,
            -0.079999999999999974
          ]
        }
      },
      {
        "node_id": "1092137436-M12:1",
        "file_name": "C:\\Users\\hrish\\Downloads\\Assemblies for Training ML model\\Assembly 75\\Workspaces\\1092137436-M1\\1092137436-M12.ipt",
        "component_type": "kPartDocumentObject",
        "grounded": false,
        "suppressed": false,
        "visible": true,
        "adaptive": false,
        "flexible": false,
        "dof_translation": 0,
        "dof_rotation": 0,
        "fully_constrained": true,
        "transform": {
          "rotation_matrix": [
            [
              -1.0,
              3.7409263239777669E-30,
              -7.8001579295858776E-46
            ],
            [
              -3.7265658705996257E-44,
              -9.961612573639589E-15,
              1.0
            ],
            [
              3.7409263239777676E-30,
              1.0,
              9.961612573639589E-15
            ]
          ],
          "translation_cm": [
            1.1999999999999877,
            118.70000000000013,
            -0.70000000000041129
          ]
        }
      },
      {
        "node_id": "1092137436-M12:5",
        "file_name": "C:\\Users\\hrish\\Downloads\\Assemblies for Training ML model\\Assembly 75\\Workspaces\\1092137436-M1\\1092137436-M12.ipt",
        "component_type": "kPartDocumentObject",
        "grounded": false,
        "suppressed": false,
        "visible": true,
        "adaptive": false,
        "flexible": false,
        "dof_translation": 0,
        "dof_rotation": 1,
        "fully_constrained": false,
        "transform": {
          "rotation_matrix": [
            [
              0.999999999999999,
              3.1054546092168074E-15,
              -1.7763568394002481E-15
            ],
            [
              -1.1102230246251785E-16,
              6.9524163713520916E-16,
              -0.99999999999999778
            ],
            [
              -3.5249581031848661E-15,
              0.999999999999999,
              6.3108872417680944E-30
            ]
          ],
          "translation_cm": [
            13.0,
            1.9999999999999996,
            -0.69999999999999907
          ]
        }
      },
      {
        "node_id": "1092137436-M12:6",
        "file_name": "C:\\Users\\hrish\\Downloads\\Assemblies for Training ML model\\Assembly 75\\Workspaces\\1092137436-M1\\1092137436-M12.ipt",
        "component_type": "kPartDocumentObject",
        "grounded": false,
        "suppressed": false,
        "visible": true,
        "adaptive": false,
        "flexible": false,
        "dof_translation": 0,
        "dof_rotation": 1,
        "fully_constrained": false,
        "transform": {
          "rotation_matrix": [
            [
              0.94929427987169923,
              -1.6088813660835721E-30,
              0.31438888371389956
            ],
            [
              0.31438888371389956,
              2.118385044946042E-45,
              -0.94929427987169923
            ],
            [
              1.5273018778152942E-30,
              1.0,
              5.0581441671110594E-31
            ]
          ],
          "translation_cm": [
            1.1999999999999886,
            41.300000000000004,
            -0.69999999999999984
          ]
        }
      },
      {
        "node_id": "1092137436-M14:1",
        "file_name": "C:\\Users\\hrish\\Downloads\\Assemblies for Training ML model\\Assembly 75\\Workspaces\\1092137436-M1\\1092137436-M14.ipt",
        "component_type": "kPartDocumentObject",
        "grounded": false,
        "suppressed": false,
        "visible": true,
        "adaptive": false,
        "flexible": false,
        "dof_translation": 0,
        "dof_rotation": 0,
        "fully_constrained": true,
        "transform": {
          "rotation_matrix": [
            [
              1.0000000000000004,
              7.3562701963614937E-16,
              9.6690078278099862E-16
            ],
            [
              -1.3832344170151949E-15,
              1.015427570955613E-14,
              0.99999999999999989
            ],
            [
              -1.1414133694033486E-29,
              -1.0,
              9.9616125736395921E-15
            ]
          ],
          "translation_cm": [
            89.2,
            119.20000000000005,
            -4.0637828185326316E-13
          ]
        }
      },
      {
        "node_id": "0298010600-M1:78",
        "file_name": "C:\\Users\\hrish\\Downloads\\Assemblies for Training ML model\\Assembly 75\\Workspaces\\1092137436-M1\\0298010600-M1.ipt",
        "component_type": "kPartDocumentObject",
        "grounded": false,
        "suppressed": false,
        "visible": true,
        "adaptive": false,
        "flexible": false,
        "dof_translation": 0,
        "dof_rotation": 0,
        "fully_constrained": true,
        "transform": {
          "rotation_matrix": [
            [
              1.0,
              -7.2747920985125879E-32,
              -1.036079598289558E-30
            ],
            [
              -7.2747920985444357E-32,
              -1.0,
              1.0019644516357314E-14
            ],
            [
              -1.0391610862007374E-30,
              -1.0019644516357314E-14,
              -1.0
            ]
          ],
          "translation_cm": [
            7.1999999999995907,
            157.5000000000002,
            -0.050000000000024837
          ]
        }
      },
      {
        "node_id": "0298010600-M1:79",
        "file_name": "C:\\Users\\hrish\\Downloads\\Assemblies for Training ML model\\Assembly 75\\Workspaces\\1092137436-M1\\0298010600-M1.ipt",
        "component_type": "kPartDocumentObject",
        "grounded": false,
        "suppressed": false,
        "visible": true,
        "adaptive": false,
        "flexible": false,
        "dof_translation": 0,
        "dof_rotation": 0,
        "fully_constrained": true,
        "transform": {
          "rotation_matrix": [
            [
              1.0,
              -7.2747920985125879E-32,
              -1.036079598289558E-30
            ],
            [
              -7.2747920985444357E-32,
              -1.0,
              1.0019644516357314E-14
            ],
            [
              -1.0391610862007374E-30,
              -1.0019644516357314E-14,
              -1.0
            ]
          ],
          "translation_cm": [
            2.1999999999995907,
            152.50000000000026,
            -0.050000000000074644
          ]
        }
      },
      {
        "node_id": "0298010600-M1:84",
        "file_name": "C:\\Users\\hrish\\Downloads\\Assemblies for Training ML model\\Assembly 75\\Workspaces\\1092137436-M1\\0298010600-M1.ipt",
        "component_type": "kPartDocumentObject",
        "grounded": false,
        "suppressed": false,
        "visible": true,
        "adaptive": false,
        "flexible": false,
        "dof_translation": 0,
        "dof_rotation": 0,
        "fully_constrained": true,
        "transform": {
          "rotation_matrix": [
            [
              1.0,
              -7.2747920985125879E-32,
              -1.036079598289558E-30
            ],
            [
              -7.2747920985444357E-32,
              -1.0,
              1.0019644516357314E-14
            ],
            [
              -1.0391610862007374E-30,
              -1.0019644516357314E-14,
              -1.0
            ]
          ],
          "translation_cm": [
            241.49999999999972,
            157.5,
            -0.050000000000024837
          ]
        }
      },
      {
        "node_id": "0298010600-M1:85",
        "file_name": "C:\\Users\\hrish\\Downloads\\Assemblies for Training ML model\\Assembly 75\\Workspaces\\1092137436-M1\\0298010600-M1.ipt",
        "component_type": "kPartDocumentObject",
        "grounded": false,
        "suppressed": false,
        "visible": true,
        "adaptive": false,
        "flexible": false,
        "dof_translation": 0,
        "dof_rotation": 0,
        "fully_constrained": true,
        "transform": {
          "rotation_matrix": [
            [
              1.0,
              -7.2747920985125879E-32,
              -1.036079598289558E-30
            ],
            [
              -7.2747920985444357E-32,
              -1.0,
              1.0019644516357314E-14
            ],
            [
              -1.0391610862007374E-30,
              -1.0019644516357314E-14,
              -1.0
            ]
          ],
          "translation_cm": [
            269.4999999999996,
            157.49999999999997,
            -0.050000000000024837
          ]
        }
      },
      {
        "node_id": "0298010700-M1-00:1",
        "file_name": "C:\\Users\\hrish\\Downloads\\Assemblies for Training ML model\\Assembly 75\\Workspaces\\1092137436-M1\\0298010700-M1-00.ipt",
        "component_type": "kPartDocumentObject",
        "grounded": false,
        "suppressed": false,
        "visible": true,
        "adaptive": false,
        "flexible": false,
        "dof_translation": 0,
        "dof_rotation": 0,
        "fully_constrained": true,
        "transform": {
          "rotation_matrix": [
            [
              -1.0000000000000011,
              -3.0471767082323983E-16,
              -1.2212453270875568E-15
            ],
            [
              8.6423256264997663E-16,
              1.0000000000000009,
              9.8111997936494092E-15
            ],
            [
              9.5275933922056013E-30,
              1.0019644516357323E-14,
              -1.0000000000000002
            ]
          ],
          "translation_cm": [
            57.132685904359448,
            137.14951905283863,
            -2.2757212716572285E-13
          ]
        }
      },
      {
        "node_id": "0298010700-M1-00:2",
        "file_name": "C:\\Users\\hrish\\Downloads\\Assemblies for Training ML model\\Assembly 75\\Workspaces\\1092137436-M1\\0298010700-M1-00.ipt",
        "component_type": "kPartDocumentObject",
        "grounded": false,
        "suppressed": false,
        "visible": true,
        "adaptive": false,
        "flexible": false,
        "dof_translation": 0,
        "dof_rotation": 0,
        "fully_constrained": true,
        "transform": {
          "rotation_matrix": [
            [
              -1.0000000000000011,
              -3.2523173903283172E-16,
              5.5511151231263127E-17
            ],
            [
              3.3402141383466755E-16,
              1.0,
              9.9914977000387413E-15
            ],
            [
              4.3715780292987969E-30,
              1.0019644516357314E-14,
              -1.0000000000000009
            ]
          ],
          "translation_cm": [
            34.874999999999957,
            96.000000000000284,
            -6.374876935616987E-13
          ]
        }
      },
      {
        "node_id": "0298010700-M1-00:3",
        "file_name": "C:\\Users\\hrish\\Downloads\\Assemblies for Training ML model\\Assembly 75\\Workspaces\\1092137436-M1\\0298010700-M1-00.ipt",
        "component_type": "kPartDocumentObject",
        "grounded": false,
        "suppressed": false,
        "visible": true,
        "adaptive": false,
        "flexible": false,
        "dof_translation": 0,
        "dof_rotation": 0,
        "fully_constrained": true,
        "transform": {
          "rotation_matrix": [
            [
              -0.99999999999999867,
              -3.0708379027735438E-16,
              1.1934897514721587E-15
            ],
            [
              9.1387974763662067E-16,
              1.0000000000000007,
              9.2065964104299781E-15
            ],
            [
              1.066231260185918E-29,
              1.001964451635732E-14,
              -0.99999999999999856
            ]
          ],
          "translation_cm": [
            10.367314099999987,
            135.85048094716205,
            -2.4051264149286808E-13
          ]
        }
      },
      {
        "node_id": "0298010700-M1-00:4",
        "file_name": "C:\\Users\\hrish\\Downloads\\Assemblies for Training ML model\\Assembly 75\\Workspaces\\1092137436-M1\\0298010700-M1-00.ipt",
        "component_type": "kPartDocumentObject",
        "grounded": false,
        "suppressed": false,
        "visible": true,
        "adaptive": false,
        "flexible": false,
        "dof_translation": 0,
        "dof_rotation": 0,
        "fully_constrained": true,
        "transform": {
          "rotation_matrix": [
            [
              -0.50000000000000133,
              -0.86602540378443926,
              -6.2510926934647227E-16
            ],
            [
              -0.86602540378443826,
              0.50000000000000233,
              1.0022063711125763E-14
            ],
            [
              -8.6521381197426213E-15,
              5.0243302438581089E-15,
              -0.99999999999999978
            ]
          ],
          "translation_cm": [
            59.632685899999942,
            132.81939203391639,
            -2.7070717492287414E-13
          ]
        }
      },
      {
        "node_id": "0298010700-M1-00:5",
        "file_name": "C:\\Users\\hrish\\Downloads\\Assemblies for Training ML model\\Assembly 75\\Workspaces\\1092137436-M1\\0298010700-M1-00.ipt",
        "component_type": "kPartDocumentObject",
        "grounded": false,
        "suppressed": false,
        "visible": true,
        "adaptive": false,
        "flexible": false,
        "dof_translation": 0,
        "dof_rotation": 0,
        "fully_constrained": true,
        "transform": {
          "rotation_matrix": [
            [
              -0.50000000000000033,
              -0.86602540378443627,
              1.6140714371003405E-15
            ],
            [
              -0.86602540378443427,
              0.50000000000000244,
              8.2241503379298626E-15
            ],
            [
              -8.6521381197425771E-15,
              5.0243302438581121E-15,
              -0.99999999999999811
            ]
          ],
          "translation_cm": [
            12.867314099999982,
            140.18060796608418,
            -1.9737759373571731E-13
          ]
        }
      },
      {
        "node_id": "0298010700-M1-00:6",
        "file_name": "C:\\Users\\hrish\\Downloads\\Assemblies for Training ML model\\Assembly 75\\Workspaces\\1092137436-M1\\0298010700-M1-00.ipt",
        "component_type": "kPartDocumentObject",
        "grounded": false,
        "suppressed": false,
        "visible": true,
        "adaptive": false,
        "flexible": false,
        "dof_translation": 0,
        "dof_rotation": 0,
