{
  "assembly_metadata": {
    "assembly_name": "1092138841-M1.iam",
    "full_file_name": "C:\\Users\\hrish\\Downloads\\Assemblies for Training ML model\\Assembly 81\\Workspaces\\1092138841-M1\\1092138841-M1.iam",
    "internal_name": "{8498938D-404F-2B43-5753-D38B0D98773A}",
    "total_occurrences": 24,
    "total_constraints": 44
  },
  "physics": {
    "mass_kg": 17.18659357409426,
    "center_of_mass": [
      2.6681235263042082,
      14.065054159273911,
      89.925118944980809
    ],
    "inertia_tensor": [
      58057.820302311389,
      55627.903472143087,
      2900.3962752412122,
      345.26983617750824,
      776.91523515152187,
      -206.39488552054019
    ]
  },
  "assembly_graph": {
    "nodes": [
      {
        "node_id": "1092138844-M1:1",
        "file_name": "C:\\Users\\hrish\\Downloads\\Assemblies for Training ML model\\Assembly 81\\Workspaces\\1092138841-M1\\1092138844-M1.ipt",
        "component_type": "kPartDocumentObject",
        "grounded": true,
        "suppressed": false,
        "visible": true,
        "adaptive": false,
        "flexible": false,
        "dof_translation": 0,
        "dof_rotation": 0,
        "fully_constrained": false,
        "transform": {
          "rotation_matrix": [
            [
              0.0,
              -1.0,
              0.0
            ],
            [
              1.0,
              0.0,
              -1.1102230246251563E-16
            ],
            [
              1.1102230246251563E-16,
              0.0,
              1.0
            ]
          ],
          "translation_cm": [
            0.0,
            0.0,
            0.0
          ]
        }
      },
      {
        "node_id": "1092138845-M1:1",
        "file_name": "C:\\Users\\hrish\\Downloads\\Assemblies for Training ML model\\Assembly 81\\Workspaces\\1092138841-M1\\1092138845-M1.ipt",
        "component_type": "kPartDocumentObject",
        "grounded": false,
        "suppressed": false,
        "visible": true,
        "adaptive": false,
        "flexible": false,
        "dof_translation": 0,
        "dof_rotation": 0,
        "fully_constrained": true,
        "transform": {
          "rotation_matrix": [
            [
              1.5080049377054316E-29,
              -5.6201223642585984E-15,
              0.99999999999999667
            ],
            [
              -2.653433028854247E-15,
              0.99999999999999234,
              6.6293000553193434E-15
            ],
            [
              -0.99999999999999734,
              6.772360450212217E-16,
              1.1750704212987018E-15
            ]
          ],
          "translation_cm": [
            0.19999999999990636,
            17.989999999999746,
            134.60000000000005
          ]
        }
      },
      {
        "node_id": "1092138846-M1:1",
        "file_name": "C:\\Users\\hrish\\Downloads\\Assemblies for Training ML model\\Assembly 81\\Workspaces\\1092138841-M1\\1092138846-M1.ipt",
        "component_type": "kPartDocumentObject",
        "grounded": false,
        "suppressed": false,
        "visible": true,
        "adaptive": false,
        "flexible": false,
        "dof_translation": 0,
        "dof_rotation": 0,
        "fully_constrained": true,
        "transform": {
          "rotation_matrix": [
            [
              -3.1587489771850071E-16,
              -1.6190010098524705E-31,
              0.99999999999999989
            ],
            [
              0.99999999999999789,
              -1.12204626077328E-15,
              -9.0520740526836323E-16
            ],
            [
              1.1243719775477658E-16,
              1.0000000000000009,
              1.3587479244293027E-15
            ]
          ],
          "translation_cm": [
            0.20000000000000426,
            9.990000000000018,
            120.00000000000011
          ]
        }
      },
      {
        "node_id": "0298010600-M1-00:1",
        "file_name": "C:\\Users\\hrish\\Downloads\\Assemblies for Training ML model\\Assembly 81\\Workspaces\\1092138841-M1\\0298010600-M1-00.ipt",
        "component_type": "kPartDocumentObject",
        "grounded": false,
        "suppressed": false,
        "visible": true,
        "adaptive": false,
        "flexible": false,
        "dof_translation": 0,
        "dof_rotation": 0,
        "fully_constrained": true,
        "transform": {
          "rotation_matrix": [
            [
              1.3321834116878618E-15,
              -2.1466488063241468E-16,
              1.0
            ],
            [
              -2.3084636136301294E-15,
              1.0,
              2.1466488063241776E-16
            ],
            [
              -1.0,
              -2.30846361363013E-15,
              1.3321834116878613E-15
            ]
          ],
          "translation_cm": [
            1.9500000000000104,
            19.990000000000016,
            159.99999999999997
          ]
        }
      },
      {
        "node_id": "0298010600-M1-00:2",
        "file_name": "C:\\Users\\hrish\\Downloads\\Assemblies for Training ML model\\Assembly 81\\Workspaces\\1092138841-M1\\0298010600-M1-00.ipt",
        "component_type": "kPartDocumentObject",
        "grounded": false,
        "suppressed": false,
        "visible": true,
        "adaptive": false,
        "flexible": false,
        "dof_translation": 0,
        "dof_rotation": 0,
        "fully_constrained": true,
        "transform": {
          "rotation_matrix": [
            [
              1.3321834116878618E-15,
              -2.1466488063241468E-16,
              1.0
            ],
            [
              -2.3084636136301294E-15,
              1.0,
              2.1466488063241776E-16
            ],
            [
              -1.0,
              -2.30846361363013E-15,
              1.3321834116878613E-15
            ]
          ],
          "translation_cm": [
            1.9500000000000082,
            32.990000000000009,
            160.0
          ]
        }
      },
      {
        "node_id": "0298010600-M1-00:3",
        "file_name": "C:\\Users\\hrish\\Downloads\\Assemblies for Training ML model\\Assembly 81\\Workspaces\\1092138841-M1\\0298010600-M1-00.ipt",
        "component_type": "kPartDocumentObject",
        "grounded": false,
        "suppressed": false,
        "visible": true,
        "adaptive": false,
        "flexible": false,
        "dof_translation": 0,
        "dof_rotation": 0,
        "fully_constrained": true,
        "transform": {
          "rotation_matrix": [
            [
              -1.3322676295501902E-15,
              -3.1587489771850106E-16,
              1.0
            ],
            [
              6.6361524426641723E-16,
              1.0,
              3.1587489771850195E-16
            ],
            [
              -1.0,
              6.6361524426641763E-16,
              -1.33226762955019E-15
            ]
          ],
          "translation_cm": [
            1.9499999999999993,
            19.990000000000066,
            109.0
          ]
        }
      },
      {
        "node_id": "0298010600-M1-00:4",
        "file_name": "C:\\Users\\hrish\\Downloads\\Assemblies for Training ML model\\Assembly 81\\Workspaces\\1092138841-M1\\0298010600-M1-00.ipt",
        "component_type": "kPartDocumentObject",
        "grounded": false,
        "suppressed": false,
        "visible": true,
        "adaptive": false,
        "flexible": false,
        "dof_translation": 0,
        "dof_rotation": 0,
        "fully_constrained": true,
        "transform": {
          "rotation_matrix": [
            [
              -1.3322676295501898E-15,
              -3.1587489771849909E-16,
              1.0
            ],
            [
              6.6361524426641723E-16,
              1.0,
              3.1587489771849997E-16
            ],
            [
              -1.0,
              6.6361524426641773E-16,
              -1.3322676295501896E-15
            ]
          ],
          "translation_cm": [
            1.9499999999999957,
            32.990000000000016,
            109.00000000000001
          ]
        }
      },
      {
        "node_id": "0298010600-M1-00:5",
        "file_name": "C:\\Users\\hrish\\Downloads\\Assemblies for Training ML model\\Assembly 81\\Workspaces\\1092138841-M1\\0298010600-M1-00.ipt",
        "component_type": "kPartDocumentObject",
        "grounded": false,
        "suppressed": false,
        "visible": true,
        "adaptive": false,
        "flexible": false,
        "dof_translation": 0,
        "dof_rotation": 0,
        "fully_constrained": true,
        "transform": {
          "rotation_matrix": [
            [
              -0.86602540378444448,
              -0.49999999999999706,
              -6.6629838869657942E-16
            ],
            [
              -0.49999999999999667,
              0.86602540378444448,
              1.4152862395994922E-15
            ],
            [
              -1.6909572787080863E-15,
              1.7263525102671691E-18,
              -0.99999999999999822
            ]
          ],
          "translation_cm": [
            3.6999999999999917,
            14.489999999999828,
            132.75
          ]
        }
      },
      {
        "node_id": "0298010600-M1-00:6",
        "file_name": "C:\\Users\\hrish\\Downloads\\Assemblies for Training ML model\\Assembly 81\\Workspaces\\1092138841-M1\\0298010600-M1-00.ipt",
        "component_type": "kPartDocumentObject",
        "grounded": false,
        "suppressed": false,
        "visible": true,
        "adaptive": false,
        "flexible": false,
        "dof_translation": 0,
        "dof_rotation": 0,
        "fully_constrained": true,
        "transform": {
          "rotation_matrix": [
            [
              0.86602540378444059,
              0.50000000000000677,
              2.9431286497793797E-15
            ],
            [
              0.50000000000000466,
              -0.86602540378444048,
              -1.6445813178765419E-16
            ],
            [
              1.6909572787080849E-15,
              1.1014528621710468E-15,
              -0.99999999999999778
            ]
          ],
          "translation_cm": [
            3.6999999999998749,
            21.48999999999991,
            132.75
          ]
        }
      },
      {
        "node_id": "0298010600-M1-00:7",
        "file_name": "C:\\Users\\hrish\\Downloads\\Assemblies for Training ML model\\Assembly 81\\Workspaces\\1092138841-M1\\0298010600-M1-00.ipt",
        "component_type": "kPartDocumentObject",
        "grounded": false,
        "suppressed": false,
        "visible": true,
        "adaptive": false,
        "flexible": false,
        "dof_translation": 0,
        "dof_rotation": 1,
        "fully_constrained": false,
        "transform": {
          "rotation_matrix": [
            [
              -0.74996036845956882,
              0.66148276299536746,
              6.3421490281712067E-14
            ],
            [
              0.66148276299536812,
              0.74996036845957181,
              7.407367220389308E-16
            ],
            [
              -4.7890307538078704E-14,
              4.2521971115762249E-14,
              -1.000000000000002
            ]
          ],
          "translation_cm": [
            2.4999999999879825,
            32.500000000000263,
            185.75000000000014
          ]
        }
      },
      {
        "node_id": "0298010600-M1-00:8",
        "file_name": "C:\\Users\\hrish\\Downloads\\Assemblies for Training ML model\\Assembly 81\\Workspaces\\1092138841-M1\\0298010600-M1-00.ipt",
        "component_type": "kPartDocumentObject",
        "grounded": false,
        "suppressed": false,
        "visible": true,
        "adaptive": false,
        "flexible": false,
        "dof_translation": 0,
        "dof_rotation": 1,
        "fully_constrained": false,
        "transform": {
          "rotation_matrix": [
            [
              1.5097841955161434E-14,
              -1.459709535089406E-14,
              -1.000000000000002
            ],
            [
              0.6614827629953689,
              0.74996036845957115,
              -4.3072424860747049E-16
            ],
            [
              0.74996036845956815,
              -0.66148276299536823,
              2.1600403426904919E-14
            ]
          ],
          "translation_cm": [
            4.7499999999998614,
            26.999999999999883,
            183.49999999999994
          ]
        }
      },
      {
        "node_id": "0298010600-M1-00:9",
        "file_name": "C:\\Users\\hrish\\Downloads\\Assemblies for Training ML model\\Assembly 81\\Workspaces\\1092138841-M1\\0298010600-M1-00.ipt",
        "component_type": "kPartDocumentObject",
        "grounded": false,
        "suppressed": false,
        "visible": true,
        "adaptive": false,
        "flexible": false,
        "dof_translation": 0,
        "dof_rotation": 1,
        "fully_constrained": false,
        "transform": {
          "rotation_matrix": [
            [
              1.5097841955161431E-14,
              -1.459709535089406E-14,
              -1.000000000000002
            ],
            [
              0.6614827629953689,
              0.74996036845957115,
              -4.3072424860746496E-16
            ],
            [
              0.74996036845956815,
              -0.66148276299536823,
              2.1600403426904913E-14
            ]
          ],
          "translation_cm": [
            4.7499999999999387,
            11.999999999999948,
            183.49999999999994
          ]
        }
      },
      {
        "node_id": "0298010600-M1-00:10",
        "file_name": "C:\\Users\\hrish\\Downloads\\Assemblies for Training ML model\\Assembly 81\\Workspaces\\1092138841-M1\\0298010600-M1-00.ipt",
        "component_type": "kPartDocumentObject",
        "grounded": false,
        "suppressed": false,
        "visible": true,
        "adaptive": false,
        "flexible": false,
        "dof_translation": 0,
        "dof_rotation": 1,
        "fully_constrained": false,
        "transform": {
          "rotation_matrix": [
            [
              -0.74996036845956882,
              0.66148276299536746,
              6.3421490281712067E-14
            ],
            [
              0.66148276299536812,
              0.74996036845957181,
              7.407367220389308E-16
            ],
            [
              -4.7890307538078704E-14,
              4.2521971115762249E-14,
              -1.000000000000002
            ]
          ],
          "translation_cm": [
            2.4999999999910334,
            7.5000000000002673,
            185.75000000000014
          ]
        }
      },
      {
        "node_id": "0298010600-M1-00:11",
        "file_name": "C:\\Users\\hrish\\Downloads\\Assemblies for Training ML model\\Assembly 81\\Workspaces\\1092138841-M1\\0298010600-M1-00.ipt",
        "component_type": "kPartDocumentObject",
        "grounded": false,
        "suppressed": false,
        "visible": true,
        "adaptive": false,
        "flexible": false,
        "dof_translation": 0,
        "dof_rotation": 1,
        "fully_constrained": false,
        "transform": {
          "rotation_matrix": [
            [
              -0.74996036845956882,
              0.66148276299536746,
              6.3421490281712067E-14
            ],
            [
              0.66148276299536812,
              0.74996036845957181,
              7.4073672203117245E-16
            ],
            [
              -4.7890307538083828E-14,
              4.2521971115756424E-14,
              -1.000000000000002
            ]
          ],
          "translation_cm": [
            7.4999999999797584,
            2.500000000000874,
            185.75000000000026
          ]
        }
      },
      {
        "node_id": "0298010600-M1-00:12",
        "file_name": "C:\\Users\\hrish\\Downloads\\Assemblies for Training ML model\\Assembly 81\\Workspaces\\1092138841-M1\\0298010600-M1-00.ipt",
        "component_type": "kPartDocumentObject",
        "grounded": false,
        "suppressed": false,
        "visible": true,
        "adaptive": false,
        "flexible": false,
        "dof_translation": 0,
        "dof_rotation": 0,
        "fully_constrained": true,
        "transform": {
          "rotation_matrix": [
            [
              -8.2711762715831846E-16,
              1.4326097540740493E-15,
              1.0
            ],
            [
              -0.50000000000000078,
              0.8660254037844356,
              -2.9548732988735849E-16
            ],
            [
              -0.86602540378443427,
              -0.49999999999999906,
              1.221082302986874E-15
            ]
          ],
          "translation_cm": [
            2.0499999999999945,
            19.989999999999988,
            120.0
          ]
        }
      },
      {
        "node_id": "0298010600-M1-00:13",
        "file_name": "C:\\Users\\hrish\\Downloads\\Assemblies for Training ML model\\Assembly 81\\Workspaces\\1092138841-M1\\0298010600-M1-00.ipt",
        "component_type": "kPartDocumentObject",
        "grounded": false,
        "suppressed": false,
        "visible": true,
        "adaptive": false,
        "flexible": false,
        "dof_translation": 0,
        "dof_rotation": 0,
        "fully_constrained": true,
        "transform": {
          "rotation_matrix": [
            [
              8.2711762715833128E-16,
              1.4326097540740405E-15,
              0.99999999999999989
            ],
            [
              0.49999999999999756,
              0.86602540378443782,
              -2.9548732988735918E-16
            ],
            [
              -0.86602540378443582,
              0.49999999999999734,
              1.2210823029868608E-15
            ]
          ],
          "translation_cm": [
            2.0499999999999945,
            19.990000000000009,
            130.75000000000009
          ]
        }
      },
      {
        "node_id": "1092138848-M1:1",
        "file_name": "C:\\Users\\hrish\\Downloads\\Assemblies for Training ML model\\Assembly 81\\Workspaces\\1092138841-M1\\1092138848-M1.ipt",
        "component_type": "kPartDocumentObject",
        "grounded": false,
        "suppressed": false,
        "visible": true,
        "adaptive": false,
        "flexible": false,
        "dof_translation": 0,
        "dof_rotation": 0,
        "fully_constrained": true,
        "transform": {
          "rotation_matrix": [
            [
              -3.1587489771849938E-16,
              5.1747428446148594E-18,
              0.99999999999999989
            ],
            [
              0.99999999999999556,
              -3.8890628906876362E-16,
              -9.0520740526835889E-16
            ],
            [
              -6.2070277394974244E-16,
              0.99999999999999811,
              1.3535731815846832E-15
            ]
          ],
          "translation_cm": [
            1.8999999999999981,
            26.490000000000038,
            110.00000000000003
          ]
        }
      },
      {
        "node_id": "1092138848-M1:2",
        "file_name": "C:\\Users\\hrish\\Downloads\\Assemblies for Training ML model\\Assembly 81\\Workspaces\\1092138841-M1\\1092138848-M1.ipt",
        "component_type": "kPartDocumentObject",
        "grounded": false,
        "suppressed": false,
        "visible": true,
        "adaptive": false,
        "flexible": false,
        "dof_translation": 0,
        "dof_rotation": 0,
        "fully_constrained": true,
        "transform": {
          "rotation_matrix": [
            [
              2.1466488063241111E-16,
              5.1747428446168531E-18,
              1.0000000000000047
            ],
            [
              -0.99999999999999956,
              -2.5834035765316218E-15,
              4.5773235257753094E-16
            ],
            [
              4.9148719282444269E-15,
              -1.0000000000000022,
              -1.3969814777148159E-15
            ]
          ],
          "translation_cm": [
            1.9000000000000095,
            26.490000000000013,
            159.00000000000003
          ]
        }
      },
      {
        "node_id": "1092138849-M1:1",
        "file_name": "C:\\Users\\hrish\\Downloads\\Assemblies for Training ML model\\Assembly 81\\Workspaces\\1092138841-M1\\1092138849-M1.ipt",
        "component_type": "kPartDocumentObject",
        "grounded": false,
        "suppressed": false,
        "visible": true,
        "adaptive": false,
        "flexible": false,
        "dof_translation": 0,
        "dof_rotation": 0,
        "fully_constrained": true,
        "transform": {
          "rotation_matrix": [
            [
              1.2872782108987224E-29,
              -5.6621079493364737E-16,
              0.99999999999999989
            ],
            [
              -2.9490299091606951E-15,
              0.99999999999999789,
              1.9249587193629576E-15
            ],
            [
              -0.999999999999996,
              -2.164934898019183E-15,
              1.2210823029868687E-15
            ]
          ],
          "translation_cm": [
            1.9999999999999956,
            20.990000000000009,
            119.99999999999997
          ]
        }
      },
      {
        "node_id": "1092138849-M1:2",
        "file_name": "C:\\Users\\hrish\\Downloads\\Assemblies for Training ML model\\Assembly 81\\Workspaces\\1092138841-M1\\1092138849-M1.ipt",
        "component_type": "kPartDocumentObject",
        "grounded": false,
        "suppressed": false,
        "visible": true,
        "adaptive": false,
        "flexible": false,
        "dof_translation": 0,
        "dof_rotation": 0,
        "fully_constrained": true,
        "transform": {
          "rotation_matrix": [
            [
              2.2048816687777709E-30,
              -5.6621079493364737E-16,
              0.99999999999999989
            ],
            [
              -2.9490299091606951E-15,
              0.99999999999999789,
              1.9249587193629493E-15
            ],
            [
              -0.999999999999996,
              -2.164934898019183E-15,
              1.2210823029868559E-15
            ]
          ],
          "translation_cm": [
            1.9999999999999956,
            20.990000000000009,
            130.75000000000011
          ]
        }
      },
      {
        "node_id": "1092138854-M1:1",
        "file_name": "C:\\Users\\hrish\\Downloads\\Assemblies for Training ML model\\Assembly 81\\Workspaces\\1092138841-M1\\1092138854-M1.ipt",
        "component_type": "kPartDocumentObject",
        "grounded": false,
        "suppressed": false,
        "visible": true,
        "adaptive": false,
        "flexible": false,
        "dof_translation": 1,
        "dof_rotation": 0,
        "fully_constrained": false,
        "transform": {
          "rotation_matrix": [
            [
              -5.4570708335121752E-15,
              1.1897628597811109E-29,
              1.0
            ],
            [
              0.99999999999999745,
              -2.2773720957738226E-15,
              3.4304760843886107E-15
            ],
            [
              1.1243719775476832E-16,
              0.99999999999999911,
              2.637448496967586E-16
            ]
          ],
          "translation_cm": [
            0.19999999999995288,
            10.005785127604417,
            80.0000000000002
          ]
        }
      },
      {
        "node_id": "0298010600-M1-00:14",
        "file_name": "C:\\Users\\hrish\\Downloads\\Assemblies for Training ML model\\Assembly 81\\Workspaces\\1092138841-M1\\0298010600-M1-00.ipt",
        "component_type": "kPartDocumentObject",
        "grounded": false,
        "suppressed": false,
        "visible": true,
        "adaptive": false,
        "flexible": false,
        "dof_translation": 1,
        "dof_rotation": 0,
        "fully_constrained": false,
        "transform": {
          "rotation_matrix": [
            [
              7.7064563911243643E-16,
              -1.0,
              -1.7437937165875337E-15
            ],
            [
              2.7665285129290436E-15,
              -1.7437937165875323E-15,
              1.0
            ],
            [
              -1.0,
              -7.7064563911244136E-16,
              2.7665285129290424E-15
            ]
          ],
          "translation_cm": [
            6.5499999999999412,
            12.305785127604405,
            86.000000000000171
          ]
        }
      },
      {
        "node_id": "0298010600-M1-00:15",
        "file_name": "C:\\Users\\hrish\\Downloads\\Assemblies for Training ML model\\Assembly 81\\Workspaces\\1092138841-M1\\0298010600-M1-00.ipt",
        "component_type": "kPartDocumentObject",
        "grounded": false,
        "suppressed": false,
        "visible": true,
        "adaptive": false,
        "flexible": false,
        "dof_translation": 1,
        "dof_rotation": 0,
        "fully_constrained": false,
        "transform": {
          "rotation_matrix": [
            [
              7.7064563911243643E-16,
              -1.0,
              -1.7437937165875337E-15
            ],
            [
              2.766528512929044E-15,
              -1.7437937165875323E-15,
              1.0
            ],
            [
              -1.0,
              -7.7064563911244136E-16,
              2.7665285129290428E-15
            ]
          ],
          "translation_cm": [
            6.5499999999999412,
            12.305785127604441,
            74.0000000000002
          ]
        }
      },
      {
        "node_id": "1092138865-M1:1",
        "file_name": "C:\\Users\\hrish\\Downloads\\Assemblies for Training ML model\\Assembly 81\\Workspaces\\1092138841-M1\\1092138865-M1.ipt",
        "component_type": "kPartDocumentObject",
        "grounded": false,
        "suppressed": false,
        "visible": true,
        "adaptive": false,
        "flexible": false,
        "dof_translation": 0,
        "dof_rotation": 0,
        "fully_constrained": true,
        "transform": {
          "rotation_matrix": [
            [
              -1.1809615025954841E-29,
              -1.000000000000002,
              6.0363691361449078E-15
            ],
            [
              2.1649348980191842E-15,
              -1.0161817471990479E-14,
              -0.99999999999999034
            ],
            [
              0.999999999999998,
              1.4487873989130918E-15,
              -2.4980018054064732E-15
            ]
          ],
          "translation_cm": [
            4.1999999999999345,
            14.489999999999597,
            8.2999999999999883
          ]
        }
      }
    ],
    "constraint_edges": [
      {
        "constraint_name": "Insert:1",
        "constraint_type": "kInsertConstraint",
        "suppressed": false,
        "health_status": "kUpToDateHealth",
        "node_one_id": "0298010600-M1-00:1",
        "node_two_id": "1092138848-M1:2",
        "axes_opposed": true,
        "lock_rotation": false,
        "entity_one": {
          "entity_type": "67120288",
          "proxy_context_occurrence": "0298010600-M1-00:1",
          "owner_document": "C:\\Users\\hrish\\Downloads\\Assemblies for Training ML model\\Assembly 81\\Workspaces\\1092138841-M1\\0298010600-M1-00.ipt",
          "reference_key_string": "AQQBABAAAAAAAAAAAgAAAAQAAAAGAAAA",
          "context_key_string": "nsIrpNQR6AFgAC2z7in7sAQAAB5AAADIMgIotS/9IIFFAwBkBQABAADtN0PA0xEdDmAAALgylIewAAABAQAAsS28CdARH+wACNywOz6oCQIBAACyBAAAAFQAZQBzAHQAxnPylgJLRAg5SlKPuYwALQD/////AAAAAAAABgBICM1Q4SAAYOo/XxjmxA==",
          "curve_type": "kCircleCurve",
          "length_cm": 2.5132741228718345,
          "edge_midpoint": [
            0.4,
            0.0,
            -0.090000000000000011
          ],
          "edge_tangent_at_mid": [
            0.0,
            1.0,
            0.0
          ],
          "edge_start_vertex": [
            -0.4,
            4.8984254152895092E-17,
            -0.090000000000000011
          ],
          "edge_end_vertex": [
            -0.4,
            4.8984254152895092E-17,
            -0.090000000000000011
          ]
        },
        "entity_two": {
          "entity_type": "67120288",
          "proxy_context_occurrence": "1092138848-M1:2",
          "owner_document": "C:\\Users\\hrish\\Downloads\\Assemblies for Training ML model\\Assembly 81\\Workspaces\\1092138841-M1\\1092138848-M1.ipt",
          "reference_key_string": "AQQBABAAAAAAAAAAAgAAAAQAAAAGAAAA",
          "context_key_string": "nsIrpNQR6AFgAC2z7in7sAQAAB5AAADIMgIotS/9IIFFAwBkBQABAADtN0PA0xEdDmAAALgylIewAAABAQAAsS28CdARH+wACNywOz6oCQIBAACyBAAAAFQAZQBzAHQALcZR4adBsqUClXWIu6enYQD/////AAAAAAAABgBICM1Q4SAAYOo/XxjmxA==",
          "curve_type": "kCircleCurve",
          "length_cm": 3.2986722862692828,
          "edge_midpoint": [
            5.975,
            -1.0,
            0.0
          ],
          "edge_tangent_at_mid": [
            0.0,
            1.0,
            1.3270928867055722E-15
          ],
          "edge_start_vertex": [
            7.025,
            -0.99999999999999989,
            0.0
          ],
          "edge_end_vertex": [
            7.025,
            -0.99999999999999989,
            0.0
          ]
        }
      },
      {
        "constraint_name": "Insert:2",
        "constraint_type": "kInsertConstraint",
        "suppressed": false,
        "health_status": "kUpToDateHealth",
        "node_one_id": "0298010600-M1-00:2",
        "node_two_id": "1092138848-M1:2",
        "axes_opposed": true,
        "lock_rotation": false,
        "entity_one": {
          "entity_type": "67120288",
          "proxy_context_occurrence": "0298010600-M1-00:2",
          "owner_document": "C:\\Users\\hrish\\Downloads\\Assemblies for Training ML model\\Assembly 81\\Workspaces\\1092138841-M1\\0298010600-M1-00.ipt",
          "reference_key_string": "AQQBABAAAAAAAAAAAgAAAAQAAAAGAAAA",
          "context_key_string": "nsIrpNQR6AFgAC2z7in7sAQAAB5AAADIMgIotS/9IIFFAwBkBQABAADtN0PA0xEdDmAAALgylIewAAABAQAAsS28CdARH+wACNywOz6oCQIBAACyBAAAAFQAZQBzAHQAxnPylgJLRAg5SlKPuYwALQD/////AAAAAAAABgBICM1Q4SAAYOo/XxjmxA==",
          "curve_type": "kCircleCurve",
          "length_cm": 2.5132741228718345,
          "edge_midpoint": [
            0.4,
            0.0,
            -0.090000000000000011
          ],
          "edge_tangent_at_mid": [
            0.0,
            1.0,
            0.0
          ],
          "edge_start_vertex": [
            -0.4,
            4.8984254152895092E-17,
            -0.090000000000000011
          ],
          "edge_end_vertex": [
            -0.4,
            4.8984254152895092E-17,
            -0.090000000000000011
          ]
        },
        "entity_two": {
          "entity_type": "67120288",
          "proxy_context_occurrence": "1092138848-M1:2",
          "owner_document": "C:\\Users\\hrish\\Downloads\\Assemblies for Training ML model\\Assembly 81\\Workspaces\\1092138841-M1\\1092138848-M1.ipt",
          "reference_key_string": "AQQBABAAAAAAAAAAAgAAAAcAAAAGAAAA",
          "context_key_string": "nsIrpNQR6AFgAC2z7in7sAQAAB5AAADIMgIotS/9IIFFAwBkBQABAADtN0PA0xEdDmAAALgylIewAAABAQAAsS28CdARH+wACNywOz6oCQIBAACyBAAAAFQAZQBzAHQALcZR4adBsqUClXWIu6enYQD/////AAAAAAAABgBICM1Q4SAAYOo/XxjmxA==",
          "curve_type": "kCircleCurve",
          "length_cm": 3.2986722862692828,
          "edge_midpoint": [
            -7.025,
            -1.0,
            0.0
          ],
          "edge_tangent_at_mid": [
            0.0,
            1.0,
            1.3270928867055722E-15
          ],
          "edge_start_vertex": [
            -5.975,
            -0.99999999999999989,
            0.0
          ],
          "edge_end_vertex": [
            -5.975,
            -0.99999999999999989,
            0.0
          ]
        }
      },
      {
        "constraint_name": "Insert:3",
        "constraint_type": "kInsertConstraint",
        "suppressed": false,
        "health_status": "kUpToDateHealth",
        "node_one_id": "0298010600-M1-00:4",
        "node_two_id": "1092138848-M1:1",
        "axes_opposed": true,
        "lock_rotation": false,
        "entity_one": {
          "entity_type": "67120288",
          "proxy_context_occurrence": "0298010600-M1-00:4",
          "owner_document": "C:\\Users\\hrish\\Downloads\\Assemblies for Training ML model\\Assembly 81\\Workspaces\\1092138841-M1\\0298010600-M1-00.ipt",
          "reference_key_string": "AQQBABAAAAAAAAAAAgAAAAQAAAAGAAAA",
          "context_key_string": "nsIrpNQR6AFgAC2z7in7sAQAAB5AAADIMgIotS/9IIFFAwBkBQABAADtN0PA0xEdDmAAALgylIewAAABAQAAsS28CdARH+wACNywOz6oCQIBAACyBAAAAFQAZQBzAHQAxnPylgJLRAg5SlKPuYwALQD/////AAAAAAAABgBICM1Q4SAAYOo/XxjmxA==",
          "curve_type": "kCircleCurve",
          "length_cm": 2.5132741228718345,
          "edge_midpoint": [
            0.4,
            0.0,
            -0.090000000000000011
          ],
          "edge_tangent_at_mid": [
            0.0,
            1.0,
            0.0
          ],
          "edge_start_vertex": [
            -0.4,
            4.8984254152895092E-17,
            -0.090000000000000011
          ],
          "edge_end_vertex": [
            -0.4,
            4.8984254152895092E-17,
            -0.090000000000000011
          ]
        },
        "entity_two": {
          "entity_type": "67120288",
          "proxy_context_occurrence": "1092138848-M1:1",
          "owner_document": "C:\\Users\\hrish\\Downloads\\Assemblies for Training ML model\\Assembly 81\\Workspaces\\1092138841-M1\\1092138848-M1.ipt",
          "reference_key_string": "AQQBABAAAAAAAAAAAgAAAAQAAAAGAAAA",
          "context_key_string": "nsIrpNQR6AFgAC2z7in7sAQAAB5AAADIMgIotS/9IIFFAwBkBQABAADtN0PA0xEdDmAAALgylIewAAABAQAAsS28CdARH+wACNywOz6oCQIBAACyBAAAAFQAZQBzAHQALcZR4adBsqUClXWIu6enYQD/////AAAAAAAABgBICM1Q4SAAYOo/XxjmxA==",
          "curve_type": "kCircleCurve",
          "length_cm": 3.2986722862692828,
          "edge_midpoint": [
            5.975,
            -1.0,
            0.0
          ],
          "edge_tangent_at_mid": [
            0.0,
            1.0,
            1.3270928867055722E-15
          ],
          "edge_start_vertex": [
            7.025,
            -0.99999999999999989,
            0.0
          ],
          "edge_end_vertex": [
            7.025,
            -0.99999999999999989,
            0.0
          ]
        }
      },
      {
        "constraint_name": "Insert:4",
        "constraint_type": "kInsertConstraint",
        "suppressed": false,
        "health_status": "kUpToDateHealth",
        "node_one_id": "0298010600-M1-00:3",
        "node_two_id": "1092138848-M1:1",
        "axes_opposed": true,
        "lock_rotation": false,
        "entity_one": {
          "entity_type": "67120288",
          "proxy_context_occurrence": "0298010600-M1-00:3",
          "owner_document": "C:\\Users\\hrish\\Downloads\\Assemblies for Training ML model\\Assembly 81\\Workspaces\\1092138841-M1\\0298010600-M1-00.ipt",
          "reference_key_string": "AQQBABAAAAAAAAAAAgAAAAQAAAAGAAAA",
          "context_key_string": "nsIrpNQR6AFgAC2z7in7sAQAAB5AAADIMgIotS/9IIFFAwBkBQABAADtN0PA0xEdDmAAALgylIewAAABAQAAsS28CdARH+wACNywOz6oCQIBAACyBAAAAFQAZQBzAHQAxnPylgJLRAg5SlKPuYwALQD/////AAAAAAAABgBICM1Q4SAAYOo/XxjmxA==",
          "curve_type": "kCircleCurve",
          "length_cm": 2.5132741228718345,
          "edge_midpoint": [
            0.4,
            0.0,
            -0.090000000000000011
          ],
          "edge_tangent_at_mid": [
            0.0,
            1.0,
            0.0
          ],
          "edge_start_vertex": [
            -0.4,
            4.8984254152895092E-17,
            -0.090000000000000011
          ],
          "edge_end_vertex": [
            -0.4,
            4.8984254152895092E-17,
            -0.090000000000000011
          ]
        },
        "entity_two": {
          "entity_type": "67120288",
          "proxy_context_occurrence": "1092138848-M1:1",
          "owner_document": "C:\\Users\\hrish\\Downloads\\Assemblies for Training ML model\\Assembly 81\\Workspaces\\1092138841-M1\\1092138848-M1.ipt",
          "reference_key_string": "AQQBABAAAAAAAAAAAgAAAAcAAAAGAAAA",
          "context_key_string": "nsIrpNQR6AFgAC2z7in7sAQAAB5AAADIMgIotS/9IIFFAwBkBQABAADtN0PA0xEdDmAAALgylIewAAABAQAAsS28CdARH+wACNywOz6oCQIBAACyBAAAAFQAZQBzAHQALcZR4adBsqUClXWIu6enYQD/////AAAAAAAABgBICM1Q4SAAYOo/XxjmxA==",
          "curve_type": "kCircleCurve",
          "length_cm": 3.2986722862692828,
          "edge_midpoint": [
            -7.025,
            -1.0,
            0.0
          ],
          "edge_tangent_at_mid": [
            0.0,
            1.0,
            1.3270928867055722E-15
          ],
          "edge_start_vertex": [
            -5.975,
            -0.99999999999999989,
            0.0
          ],
          "edge_end_vertex": [
            -5.975,
            -0.99999999999999989,
            0.0
          ]
        }
      },
      {
        "constraint_name": "Angle:1",
        "constraint_type": "kAngleConstraint",
        "suppressed": false,
        "health_status": "kUpToDateHealth",
        "node_one_id": "0298010600-M1-00:4",
        "node_two_id": "0298010600-M1-00:3",
        "angle_rad": 0.0,
        "solution": "kDirectedSolution",
        "entity_one": {
          "entity_type": "67119520",
          "proxy_context_occurrence": "0298010600-M1-00:4",
          "owner_document": "C:\\Users\\hrish\\Downloads\\Assemblies for Training ML model\\Assembly 81\\Workspaces\\1092138841-M1\\0298010600-M1-00.ipt",
          "reference_key_string": "AQQJAFAAAAAAAAAAAgAAAAUAAAADAAAACgAAAAYAAAANAAAABgAAAA8AAAAGAAAAFAAAAAYAAAAWAAAABgAAABkAAAAGAAAAHAAAAAYAAAAdAAAABgAAAA==",
          "context_key_string": "nsIrpNQR6AFgAC2z7in7sAQAAB5AAADIMgIotS/9IIFFAwBkBQABAADtN0PA0xEdDmAAALgylIewAAABAQAAsS28CdARH+wACNywOz6oCQIBAACyBAAAAFQAZQBzAHQAxnPylgJLRAg5SlKPuYwALQD/////AAAAAAAABgBICM1Q4SAAYOo/XxjmxA==",
          "surface_type": "kPlaneSurface",
          "area_cm2": 0.44647435427504018,
          "face_normal_at_center": [
            -1.0,
            2.7470895519765173E-16,
            0.0
          ],
          "face_point_at_center": [
            -0.70000000000000007,
            2.7755575615628914E-16,
            0.25499999999999995
          ],
          "face_bbox_min": [
            -0.70000000000000029,
            -0.40414518843273817,
            -0.05
          ],
          "face_bbox_max": [
            -0.7,
            0.40414518843273872,
            0.55999999999999994
          ],
          "loops": [
            {
              "is_outer": true,
