{
  "assembly_metadata": {
    "assembly_name": "1092205895-M1.iam",
    "full_file_name": "C:\\Users\\hrish\\Downloads\\Assemblies for Training ML model\\Assembly 71\\Workspaces\\1092205895-M1\\1092205895-M1.iam",
    "internal_name": "{BBD83D11-48B5-0E86-74E6-05A817B26475}",
    "total_occurrences": 11,
    "total_constraints": 20
  },
  "physics": {
    "mass_kg": 18.024554932199241,
    "center_of_mass": [
      -17.215825441404103,
      83.043866631647845,
      6.7935460370873209
    ],
    "inertia_tensor": [
      50945.592072111533,
      4504.5618460555834,
      53515.81119301686,
      124.32721057024226,
      -46.16519086680934,
      -57.673939340789339
    ]
  },
  "assembly_graph": {
    "nodes": [
      {
        "node_id": "1092205896-M1.iam:1",
        "file_name": "C:\\Users\\hrish\\Downloads\\Assemblies for Training ML model\\Assembly 71\\Workspaces\\1092205895-M1\\1092205896-M1.iam",
        "component_type": "kAssemblyDocumentObject",
        "grounded": true,
        "suppressed": false,
        "visible": true,
        "adaptive": false,
        "flexible": false,
        "dof_translation": 0,
        "dof_rotation": 0,
        "fully_constrained": false,
        "transform": {
          "rotation_matrix": [
            [
              1.0,
              0.0,
              0.0
            ],
            [
              0.0,
              1.0,
              0.0
            ],
            [
              0.0,
              0.0,
              1.0
            ]
          ],
          "translation_cm": [
            0.0,
            0.0,
            0.0
          ]
        }
      },
      {
        "node_id": "1092205896-M1.iam:1/1092205896-M1.ipt:1",
        "file_name": "C:\\Users\\hrish\\Downloads\\Assemblies for Training ML model\\Assembly 71\\Workspaces\\1092205895-M1\\1092205896-M1.ipt",
        "component_type": "kPartDocumentObject",
        "grounded": true,
        "suppressed": false,
        "visible": true,
        "adaptive": false,
        "flexible": false,
        "dof_translation": 0,
        "dof_rotation": 0,
        "fully_constrained": false,
        "transform": {
          "rotation_matrix": [
            [
              1.0,
              1.5777218104420236E-30,
              -5.7558118800173752E-30
            ],
            [
              -1.5777218104420236E-30,
              1.0,
              0.0
            ],
            [
              5.7936048104841352E-30,
              0.0,
              1.0
            ]
          ],
          "translation_cm": [
            0.0,
            0.0,
            0.0
          ]
        }
      },
      {
        "node_id": "1092205896-M1.iam:1/0129327042-M2.ipt:2",
        "file_name": "C:\\Users\\hrish\\Downloads\\Assemblies for Training ML model\\Assembly 71\\Workspaces\\1092205895-M1\\0129327042-M2.ipt",
        "component_type": "kPartDocumentObject",
        "grounded": false,
        "suppressed": false,
        "visible": true,
        "adaptive": false,
        "flexible": false,
        "dof_translation": 0,
        "dof_rotation": 0,
        "fully_constrained": true,
        "transform": {
          "rotation_matrix": [
            [
              1.0,
              -3.0621946034046347E-16,
              -3.45890760486788E-30
            ],
            [
              1.39686006646873E-16,
              0.99999999999999978,
              -7.5078832040276085E-15
            ],
            [
              1.6653345369378046E-16,
              7.5356387796432374E-15,
              0.99999999999999989
            ]
          ],
          "translation_cm": [
            -2.4799435885515034E-14,
            0.99999999999999989,
            10.100000000000005
          ]
        }
      },
      {
        "node_id": "1092205896-M1.iam:1/0298100074-M1.ipt:3",
        "file_name": "C:\\Users\\hrish\\Downloads\\Assemblies for Training ML model\\Assembly 71\\Workspaces\\1092205895-M1\\0298100074-M1.ipt",
        "component_type": "kPartDocumentObject",
        "grounded": false,
        "suppressed": false,
        "visible": true,
        "adaptive": false,
        "flexible": false,
        "dof_translation": 0,
        "dof_rotation": 0,
        "fully_constrained": true,
        "transform": {
          "rotation_matrix": [
            [
              1.0,
              -5.4349662182194559E-89,
              1.158720962096827E-29
            ],
            [
              5.2276939900060197E-89,
              -1.0,
              -9.2020948589126068E-60
            ],
            [
              1.158720962096827E-29,
              9.2020948589126068E-60,
              -1.0
            ]
          ],
          "translation_cm": [
            -32.0,
            111.80000000000001,
            2.4999999999999996
          ]
        }
      },
      {
        "node_id": "1092205896-M1.iam:1/0298100074-M1.ipt:4",
        "file_name": "C:\\Users\\hrish\\Downloads\\Assemblies for Training ML model\\Assembly 71\\Workspaces\\1092205895-M1\\0298100074-M1.ipt",
        "component_type": "kPartDocumentObject",
        "grounded": false,
        "suppressed": false,
        "visible": true,
        "adaptive": false,
        "flexible": false,
        "dof_translation": 0,
        "dof_rotation": 0,
        "fully_constrained": true,
        "transform": {
          "rotation_matrix": [
            [
              1.0,
              -5.3226709509759633E-89,
              1.158720962096827E-29
            ],
            [
              5.1153987227625256E-89,
              -1.0,
              -9.0082686127035412E-60
            ],
            [
              1.158720962096827E-29,
              9.0082686127035412E-60,
              -1.0
            ]
          ],
          "translation_cm": [
            -21.499999999999982,
            122.80000000000005,
            2.4999999999999996
          ]
        }
      },
      {
        "node_id": "1092205896-M1.iam:1/0298100074-M1.ipt:5",
        "file_name": "C:\\Users\\hrish\\Downloads\\Assemblies for Training ML model\\Assembly 71\\Workspaces\\1092205895-M1\\0298100074-M1.ipt",
        "component_type": "kPartDocumentObject",
        "grounded": false,
        "suppressed": false,
        "visible": true,
        "adaptive": false,
        "flexible": false,
        "dof_translation": 0,
        "dof_rotation": 0,
        "fully_constrained": true,
        "transform": {
          "rotation_matrix": [
            [
              -0.50000000000000078,
              0.86602540378443815,
              -4.3860495670841867E-16
            ],
            [
              3.2619249788762629E-18,
              5.0834065291163815E-16,
              1.0
            ],
            [
              0.86602540378443815,
              0.50000000000000078,
              -2.5699523635277128E-16
            ]
          ],
          "translation_cm": [
            -5.0000000000000373,
            162.00499999999994,
            6.9999999999985594
          ]
        }
      },
      {
        "node_id": "1092205896-M1.iam:1/0298100074-M1.ipt:6",
        "file_name": "C:\\Users\\hrish\\Downloads\\Assemblies for Training ML model\\Assembly 71\\Workspaces\\1092205895-M1\\0298100074-M1.ipt",
        "component_type": "kPartDocumentObject",
        "grounded": false,
        "suppressed": false,
        "visible": true,
        "adaptive": false,
        "flexible": false,
        "dof_translation": 0,
        "dof_rotation": 0,
        "fully_constrained": true,
        "transform": {
          "rotation_matrix": [
            [
              -0.50000000000000078,
              0.86602540378443815,
              -4.386049567084132E-16
            ],
            [
              3.2619249788794184E-18,
              5.0834065291164613E-16,
              1.0
            ],
            [
              0.86602540378443815,
              0.50000000000000078,
              -2.5699523635277128E-16
            ]
          ],
          "translation_cm": [
            -30.000000000000043,
            162.00499999999994,
            6.9999999999985532
          ]
        }
      },
      {
        "node_id": "1092205896-M1.iam:1/0298100073-M1.ipt:7",
        "file_name": "C:\\Users\\hrish\\Downloads\\Assemblies for Training ML model\\Assembly 71\\Workspaces\\1092205895-M1\\0298100073-M1.ipt",
        "component_type": "kPartDocumentObject",
        "grounded": false,
        "suppressed": false,
        "visible": true,
        "adaptive": false,
        "flexible": false,
        "dof_translation": 0,
        "dof_rotation": 0,
        "fully_constrained": true,
        "transform": {
          "rotation_matrix": [
            [
              1.0,
              -3.4194946232168669E-60,
              -1.2502625247005469E-118
            ],
            [
              3.4194946232168669E-60,
              1.0,
              -5.9021882490654743E-31
            ],
            [
              -1.256379323249142E-118,
              5.9021882490654743E-31,
              1.0
            ]
          ],
          "translation_cm": [
            -25.500000000000014,
            80.0,
            -2.045
          ]
        }
      },
      {
        "node_id": "1092205896-M1.iam:1/0298100073-M1.ipt:8",
        "file_name": "C:\\Users\\hrish\\Downloads\\Assemblies for Training ML model\\Assembly 71\\Workspaces\\1092205895-M1\\0298100073-M1.ipt",
        "component_type": "kPartDocumentObject",
        "grounded": false,
        "suppressed": false,
        "visible": true,
        "adaptive": false,
        "flexible": false,
        "dof_translation": 0,
        "dof_rotation": 0,
        "fully_constrained": true,
        "transform": {
          "rotation_matrix": [
            [
              1.0,
              -3.4194946232168669E-60,
              -1.2502625247005469E-118
            ],
            [
              3.4194946232168669E-60,
              1.0,
              -5.9021882490654743E-31
            ],
            [
              -1.256379323249142E-118,
              5.9021882490654743E-31,
              1.0
            ]
          ],
          "translation_cm": [
            -25.500000000000014,
            94.7,
            -2.045
          ]
        }
      },
      {
        "node_id": "1092205896-M1.iam:1/0298100073-M1.ipt:9",
        "file_name": "C:\\Users\\hrish\\Downloads\\Assemblies for Training ML model\\Assembly 71\\Workspaces\\1092205895-M1\\0298100073-M1.ipt",
        "component_type": "kPartDocumentObject",
        "grounded": false,
        "suppressed": false,
        "visible": true,
        "adaptive": false,
        "flexible": false,
        "dof_translation": 0,
        "dof_rotation": 0,
        "fully_constrained": true,
        "transform": {
          "rotation_matrix": [
            [
              1.0,
              -3.4194946232168669E-60,
              -1.2502625247005469E-118
            ],
            [
              3.4194946232168669E-60,
              1.0,
              -5.9021882490654743E-31
            ],
            [
              -1.256379323249142E-118,
              5.9021882490654743E-31,
              1.0
            ]
          ],
          "translation_cm": [
            -25.500000000000014,
            97.5,
            -2.045
          ]
        }
      },
      {
        "node_id": "1092205896-M1.iam:1/0298100073-M1.ipt:10",
        "file_name": "C:\\Users\\hrish\\Downloads\\Assemblies for Training ML model\\Assembly 71\\Workspaces\\1092205895-M1\\0298100073-M1.ipt",
        "component_type": "kPartDocumentObject",
        "grounded": false,
        "suppressed": false,
        "visible": true,
        "adaptive": false,
        "flexible": false,
        "dof_translation": 0,
        "dof_rotation": 0,
        "fully_constrained": true,
        "transform": {
          "rotation_matrix": [
            [
              1.0,
              -3.4194946232168669E-60,
              -1.2502625247005469E-118
            ],
            [
              3.4194946232168669E-60,
              1.0,
              -5.9021882490654743E-31
            ],
            [
              -1.256379323249142E-118,
              5.9021882490654743E-31,
              1.0
            ]
          ],
          "translation_cm": [
            -25.500000000000014,
            160.5,
            -2.045
          ]
        }
      },
      {
        "node_id": "1092205896-M1.iam:1/0298100073-M1.ipt:11",
        "file_name": "C:\\Users\\hrish\\Downloads\\Assemblies for Training ML model\\Assembly 71\\Workspaces\\1092205895-M1\\0298100073-M1.ipt",
        "component_type": "kPartDocumentObject",
        "grounded": false,
        "suppressed": false,
        "visible": true,
        "adaptive": false,
        "flexible": false,
        "dof_translation": 0,
        "dof_rotation": 0,
        "fully_constrained": true,
        "transform": {
          "rotation_matrix": [
            [
              1.0,
              -3.4194946232168669E-60,
              -1.2502625247005469E-118
            ],
            [
              3.4194946232168669E-60,
              1.0,
              -5.9021882490654743E-31
            ],
            [
              -1.256379323249142E-118,
              5.9021882490654743E-31,
              1.0
            ]
          ],
          "translation_cm": [
            -31.0,
            36.0,
            -2.045
          ]
        }
      },
      {
        "node_id": "1092205896-M1.iam:1/0298100073-M1.ipt:12",
        "file_name": "C:\\Users\\hrish\\Downloads\\Assemblies for Training ML model\\Assembly 71\\Workspaces\\1092205895-M1\\0298100073-M1.ipt",
        "component_type": "kPartDocumentObject",
        "grounded": false,
        "suppressed": false,
        "visible": true,
        "adaptive": false,
        "flexible": false,
        "dof_translation": 0,
        "dof_rotation": 0,
        "fully_constrained": true,
        "transform": {
          "rotation_matrix": [
            [
              -0.99848685247328817,
              0.0549909577838848,
              -1.0633909406349554E-29
            ],
            [
              -0.0549909577838848,
              -0.99848685247328817,
              5.775469475883036E-31
            ],
            [
              -1.0583668702005639E-29,
              1.1646418252092296E-30,
              1.0
            ]
          ],
          "translation_cm": [
            -5.0,
            36.0,
            -2.045
          ]
        }
      },
      {
        "node_id": "1092205896-M1.iam:1/0298100073-M1.ipt:13",
        "file_name": "C:\\Users\\hrish\\Downloads\\Assemblies for Training ML model\\Assembly 71\\Workspaces\\1092205895-M1\\0298100073-M1.ipt",
        "component_type": "kPartDocumentObject",
        "grounded": false,
        "suppressed": false,
        "visible": true,
        "adaptive": false,
        "flexible": false,
        "dof_translation": 0,
        "dof_rotation": 0,
        "fully_constrained": true,
        "transform": {
          "rotation_matrix": [
            [
              -2.3362198104099197E-16,
              -2.0514302876334816E-16,
              -1.0
            ],
            [
              0.86602540378443882,
              0.50000000000000022,
              -3.0489408484562028E-16
            ],
            [
              0.50000000000000022,
              -0.86602540378443882,
              6.0848083797844863E-17
            ]
          ],
          "translation_cm": [
            2.0499999999999408,
            93.7,
            11.999999999999993
          ]
        }
      },
      {
        "node_id": "1092205896-M1.iam:1/0298100073-M1.ipt:14",
        "file_name": "C:\\Users\\hrish\\Downloads\\Assemblies for Training ML model\\Assembly 71\\Workspaces\\1092205895-M1\\0298100073-M1.ipt",
        "component_type": "kPartDocumentObject",
        "grounded": false,
        "suppressed": false,
        "visible": true,
        "adaptive": false,
        "flexible": false,
        "dof_translation": 0,
        "dof_rotation": 0,
        "fully_constrained": true,
        "transform": {
          "rotation_matrix": [
            [
              6.0848083797844567E-17,
              -3.0489408484561989E-16,
              -1.0
            ],
            [
              -5.5511151231257788E-16,
              0.99999999999999978,
              -3.0489408484562E-16
            ],
            [
              0.99999999999999978,
              5.5511151231257788E-16,
              6.0848083797844407E-17
            ]
          ],
          "translation_cm": [
            2.0499999999999328,
            121.70000000000002,
            12.000000000000016
          ]
        }
      },
      {
        "node_id": "1092205896-M1.iam:1/1092205896-M2.ipt:15",
        "file_name": "C:\\Users\\hrish\\Downloads\\Assemblies for Training ML model\\Assembly 71\\Workspaces\\1092205895-M1\\1092205896-M2.ipt",
        "component_type": "kPartDocumentObject",
        "grounded": false,
        "suppressed": false,
        "visible": true,
        "adaptive": false,
        "flexible": false,
        "dof_translation": 0,
        "dof_rotation": 0,
        "fully_constrained": true,
        "transform": {
          "rotation_matrix": [
            [
              -0.99999999999999911,
              -2.6429924100291271E-15,
              3.4480280089337274E-16
            ],
            [
              -3.4480280089335356E-16,
              1.7738575567547177E-16,
              -0.99999999999999911
            ],
            [
              2.6429924100291129E-15,
              -1.0,
              -1.7738575567547222E-16
            ]
          ],
          "translation_cm": [
            -34.6999999999996,
            119.50000000000006,
            19.849999999999937
          ]
        }
      },
      {
        "node_id": "1092205896-M1.iam:1/1092205896-M2.ipt:16",
        "file_name": "C:\\Users\\hrish\\Downloads\\Assemblies for Training ML model\\Assembly 71\\Workspaces\\1092205895-M1\\1092205896-M2.ipt",
        "component_type": "kPartDocumentObject",
        "grounded": false,
        "suppressed": false,
        "visible": true,
        "adaptive": false,
        "flexible": false,
        "dof_translation": 0,
        "dof_rotation": 0,
        "fully_constrained": true,
        "transform": {
          "rotation_matrix": [
            [
              -0.99999999999999911,
              -2.6429924100291271E-15,
              3.4480280089337274E-16
            ],
            [
              -3.4480280089335356E-16,
              1.7738575567547177E-16,
              -0.99999999999999911
            ],
            [
              2.6429924100291172E-15,
              -1.0,
              -1.7738575567547222E-16
            ]
          ],
          "translation_cm": [
            -34.699999999999577,
            49.500000000000085,
            19.849999999999923
          ]
        }
      },
      {
        "node_id": "1092205896-M1.iam:1/0298100074-M1.ipt:17",
        "file_name": "C:\\Users\\hrish\\Downloads\\Assemblies for Training ML model\\Assembly 71\\Workspaces\\1092205895-M1\\0298100074-M1.ipt",
        "component_type": "kPartDocumentObject",
        "grounded": false,
        "suppressed": false,
        "visible": true,
        "adaptive": false,
        "flexible": false,
        "dof_translation": 0,
        "dof_rotation": 0,
        "fully_constrained": true,
        "transform": {
          "rotation_matrix": [
            [
              1.0,
              -1.7381132562105926E-29,
              5.79132214007375E-30
            ],
            [
              -1.7382673306061436E-29,
              -1.0,
              9.173322100991358E-59
            ],
            [
              5.7919909174497371E-30,
              -9.173322100991358E-59,
              -1.0
            ]
          ],
          "translation_cm": [
            -31.999999999999986,
            130.0,
            2.4949999999999997
          ]
        }
      },
      {
        "node_id": "1092205896-M1.iam:1/0298100074-M1.ipt:18",
        "file_name": "C:\\Users\\hrish\\Downloads\\Assemblies for Training ML model\\Assembly 71\\Workspaces\\1092205895-M1\\0298100074-M1.ipt",
        "component_type": "kPartDocumentObject",
        "grounded": false,
        "suppressed": false,
        "visible": true,
        "adaptive": false,
        "flexible": false,
        "dof_translation": 0,
        "dof_rotation": 0,
        "fully_constrained": true,
        "transform": {
          "rotation_matrix": [
            [
              -2.2886217340869177E-14,
              1.7357897594654985E-16,
              -1.0
            ],
            [
              -1.7357897594656723E-16,
              -1.0,
              -1.7357897594654588E-16
            ],
            [
              -1.0,
              1.7357897594656326E-16,
              2.2886217340869177E-14
            ]
          ],
          "translation_cm": [
            -32.504999999999981,
            53.499999999999993,
            1.5000000000007332
          ]
        }
      },
      {
        "node_id": "1092205896-M1.iam:1/0129327042-M2.ipt:19",
        "file_name": "C:\\Users\\hrish\\Downloads\\Assemblies for Training ML model\\Assembly 71\\Workspaces\\1092205895-M1\\0129327042-M2.ipt",
        "component_type": "kPartDocumentObject",
        "grounded": false,
        "suppressed": false,
        "visible": true,
        "adaptive": false,
        "flexible": false,
        "dof_translation": 0,
        "dof_rotation": 0,
        "fully_constrained": true,
        "transform": {
          "rotation_matrix": [
            [
              1.0,
              -2.5070830910920564E-16,
              -3.7714765759785225E-30
            ],
            [
              2.5070830910938865E-16,
              0.99999999999999967,
              -7.6189055064901226E-15
            ],
            [
              2.2204460492503821E-16,
              7.5911499308744952E-15,
              0.99999999999999989
            ]
          ],
          "translation_cm": [
            -2.4799435885514989E-14,
            1.0,
            2.1
          ]
        }
      },
      {
        "node_id": "1092205896-M1.iam:1/0129327042-M2.ipt:20",
        "file_name": "C:\\Users\\hrish\\Downloads\\Assemblies for Training ML model\\Assembly 71\\Workspaces\\1092205895-M1\\0129327042-M2.ipt",
        "component_type": "kPartDocumentObject",
        "grounded": false,
        "suppressed": false,
        "visible": true,
        "adaptive": false,
        "flexible": false,
        "dof_translation": 0,
        "dof_rotation": 0,
        "fully_constrained": true,
        "transform": {
          "rotation_matrix": [
            [
              1.0,
              -3.0621946034046347E-16,
              -3.4580291550023541E-30
            ],
            [
              1.39686006646873E-16,
              0.99999999999999978,
              -7.5078832040276085E-15
            ],
            [
              1.6653345369378046E-16,
              7.5356387796432374E-15,
              0.99999999999999989
            ]
          ],
          "translation_cm": [
            -2.4799435885515081E-14,
            1.0000000000000004,
            18.1
          ]
        }
      },
      {
        "node_id": "1092205896-M1.iam:1/0129327042-M2.ipt:21",
        "file_name": "C:\\Users\\hrish\\Downloads\\Assemblies for Training ML model\\Assembly 71\\Workspaces\\1092205895-M1\\0129327042-M2.ipt",
        "component_type": "kPartDocumentObject",
        "grounded": false,
        "suppressed": false,
        "visible": true,
        "adaptive": false,
        "flexible": false,
        "dof_translation": 0,
        "dof_rotation": 0,
        "fully_constrained": true,
        "transform": {
          "rotation_matrix": [
            [
              -1.0,
              -3.9752804391080313E-17,
              -2.2204460492503326E-14
            ],
            [
              -2.0628625808450097E-16,
              1.0,
              -7.5268403773423163E-15
            ],
            [
              2.196214281288127E-14,
              -7.6466610821057562E-15,
              -0.99999999999999989
            ]
          ],
          "translation_cm": [
            -34.999999999999972,
            0.999999999999999,
            2.1000000000008012
          ]
        }
      },
      {
        "node_id": "1092205896-M1.iam:1/0129327042-M2.ipt:22",
        "file_name": "C:\\Users\\hrish\\Downloads\\Assemblies for Training ML model\\Assembly 71\\Workspaces\\1092205895-M1\\0129327042-M2.ipt",
        "component_type": "kPartDocumentObject",
        "grounded": false,
        "suppressed": false,
        "visible": true,
        "adaptive": false,
        "flexible": false,
        "dof_translation": 0,
        "dof_rotation": 0,
        "fully_constrained": true,
        "transform": {
          "rotation_matrix": [
            [
              -1.0,
              1.8669362704962382E-14,
              1.4576992015292802E-14
            ],
            [
              -2.2944510932451547E-17,
              -0.6239381911540518,
              0.781473693491604
            ],
            [
              2.3658522927386727E-14,
              0.78147369349160389,
              0.6239381911540518
            ]
          ],
          "translation_cm": [
            -34.999999999999794,
            0.99999999999999234,
            10.100000000000799
          ]
        }
      },
      {
        "node_id": "1092205896-M1.iam:1/0129327042-M2.ipt:23",
        "file_name": "C:\\Users\\hrish\\Downloads\\Assemblies for Training ML model\\Assembly 71\\Workspaces\\1092205895-M1\\0129327042-M2.ipt",
        "component_type": "kPartDocumentObject",
        "grounded": false,
        "suppressed": false,
        "visible": true,
        "adaptive": false,
        "flexible": false,
        "dof_translation": 0,
        "dof_rotation": 0,
        "fully_constrained": true,
        "transform": {
          "rotation_matrix": [
            [
              -1.0,
              -3.975280439108891E-17,
              -2.3684757858670219E-14
            ],
            [
              -2.06286258084501E-16,
              0.99999999999999978,
              -7.5078832040276132E-15
            ],
            [
              2.3518224404976448E-14,
              -7.53563877964324E-15,
              -0.99999999999999989
            ]
          ],
          "translation_cm": [
            -34.9999999999996,
            0.99999999999999922,
            18.1000000000008
          ]
        }
      },
      {
        "node_id": "1092205896-M1.iam:1/0129327042-M2.ipt:24",
        "file_name": "C:\\Users\\hrish\\Downloads\\Assemblies for Training ML model\\Assembly 71\\Workspaces\\1092205895-M1\\0129327042-M2.ipt",
        "component_type": "kPartDocumentObject",
        "grounded": false,
        "suppressed": false,
        "visible": true,
        "adaptive": false,
        "flexible": false,
        "dof_translation": 0,
        "dof_rotation": 0,
        "fully_constrained": true,
        "transform": {
          "rotation_matrix": [
            [
              -1.0,
              -1.849244765328821E-14,
              1.229340159948565E-14
            ],
            [
              -2.9455426501446021E-16,
              -0.54437049170240492,
              -0.83884490089865982
            ],
            [
              2.2434812129035424E-14,
              -0.8388449008986596,
              0.544370491702405
            ]
          ],
          "translation_cm": [
            -34.999999999999972,
            163.49999999999989,
            2.1000000000007852
          ]
        }
      },
      {
        "node_id": "1092205896-M1.iam:1/0129327042-M2.ipt:25",
        "file_name": "C:\\Users\\hrish\\Downloads\\Assemblies for Training ML model\\Assembly 71\\Workspaces\\1092205895-M1\\0129327042-M2.ipt",
        "component_type": "kPartDocumentObject",
        "grounded": false,
        "suppressed": false,
        "visible": true,
        "adaptive": false,
        "flexible": false,
        "dof_translation": 0,
        "dof_rotation": 0,
        "fully_constrained": true,
        "transform": {
          "rotation_matrix": [
            [
              -1.0,
              -3.975280439108891E-17,
              -2.3684757858670219E-14
            ],
            [
              -2.06286258084501E-16,
              0.99999999999999978,
              -7.5078832040276132E-15
            ],
            [
              2.3518224404976448E-14,
              -7.53563877964324E-15,
              -0.99999999999999989
            ]
          ],
          "translation_cm": [
            -34.999999999999794,
            163.5,
            10.100000000000803
          ]
        }
      },
      {
        "node_id": "1092205896-M1.iam:1/0129327042-M2.ipt:26",
        "file_name": "C:\\Users\\hrish\\Downloads\\Assemblies for Training ML model\\Assembly 71\\Workspaces\\1092205895-M1\\0129327042-M2.ipt",
        "component_type": "kPartDocumentObject",
        "grounded": false,
        "suppressed": false,
        "visible": true,
        "adaptive": false,
        "flexible": false,
        "dof_translation": 0,
        "dof_rotation": 0,
        "fully_constrained": true,
        "transform": {
          "rotation_matrix": [
            [
              -1.0,
              -3.975280439108891E-17,
              -2.3684757858670219E-14
            ],
            [
              -2.06286258084501E-16,
              0.99999999999999978,
              -7.5078832040276132E-15
            ],
            [
              2.3518224404976448E-14,
              -7.53563877964324E-15,
              -0.99999999999999989
            ]
          ],
          "translation_cm": [
            -34.9999999999996,
            163.49999999999997,
            18.1000000000008
          ]
        }
      },
      {
        "node_id": "1092205896-M1.iam:1/0129327042-M2.ipt:27",
        "file_name": "C:\\Users\\hrish\\Downloads\\Assemblies for Training ML model\\Assembly 71\\Workspaces\\1092205895-M1\\0129327042-M2.ipt",
        "component_type": "kPartDocumentObject",
        "grounded": false,
        "suppressed": false,
        "visible": true,
        "adaptive": false,
        "flexible": false,
        "dof_translation": 0,
        "dof_rotation": 0,
        "fully_constrained": true,
        "transform": {
          "rotation_matrix": [
            [
              3.7588192027913062E-15,
              -1.6340432289845862E-14,
              -1.0
            ],
            [
              1.942064860752251E-16,
              0.99999999999999956,
              -1.6534721319155245E-14
            ],
            [
              1.0,
              -2.5699523635270516E-16,
              4.0245584642662169E-15
            ]
          ],
          "translation_cm": [
            -34.19999999999996,
            163.0,
            20.149999999998556
          ]
        }
      },
      {
        "node_id": "1092205896-M1.iam:1/0129327042-M2.ipt:28",
        "file_name": "C:\\Users\\hrish\\Downloads\\Assemblies for Training ML model\\Assembly 71\\Workspaces\\1092205895-M1\\0129327042-M2.ipt",
        "component_type": "kPartDocumentObject",
        "grounded": false,
        "suppressed": false,
        "visible": true,
        "adaptive": false,
        "flexible": false,
        "dof_translation": 0,
        "dof_rotation": 0,
        "fully_constrained": true,
        "transform": {
          "rotation_matrix": [
            [
              -1.812964356647537E-14,
              -1.6784521499699932E-14,
              -1.0000000000000002
            ],
            [
              1.5693690495068994E-16,
              0.99999999999999967,
              -1.6298798926426335E-14
            ],
            [
              0.99999999999999989,
              -2.5699523635306808E-16,
              -1.7708057242771263E-14
            ]
          ],
          "translation_cm": [
            -34.200000000000387,
            160.0,
            20.149999999998556
          ]
        }
      },
      {
        "node_id": "1092205896-M1.iam:1/0129327042-M2.ipt:29",
        "file_name": "C:\\Users\\hrish\\Downloads\\Assemblies for Training ML model\\Assembly 71\\Workspaces\\1092205895-M1\\0129327042-M2.ipt",
        "component_type": "kPartDocumentObject",
        "grounded": false,
        "suppressed": false,
        "visible": true,
        "adaptive": false,
        "flexible": false,
        "dof_translation": 0,
        "dof_rotation": 0,
        "fully_constrained": true,
        "transform": {
          "rotation_matrix": [
            [
              -1.6653345369377979E-16,
              -1.6395943441077833E-14,
              -0.99999999999999989
            ],
            [
              9.0461782659174252E-17,
              0.99999999999999978,
              -1.6368187865462204E-14
            ],
            [
              1.0,
              -2.5699523635277103E-16,
              -6.0337412410217537E-30
            ]
          ],
          "translation_cm": [
            -2.3000000000000327,
            163.00000000000003,
            20.149999999998567
          ]
        }
      },
      {
        "node_id": "1092205896-M1.iam:1/0129327042-M2.ipt:30",
        "file_name": "C:\\Users\\hrish\\Downloads\\Assemblies for Training ML model\\Assembly 71\\Workspaces\\1092205895-M1\\0129327042-M2.ipt",
        "component_type": "kPartDocumentObject",
        "grounded": false,
        "suppressed": false,
        "visible": true,
        "adaptive": false,
        "flexible": false,
        "dof_translation": 0,
        "dof_rotation": 0,
        "fully_constrained": true,
        "transform": {
          "rotation_matrix": [
            [
              -1.6653345369377979E-16,
              -1.6395943441077833E-14,
              -0.99999999999999989
            ],
            [
              9.0461782659174252E-17,
              0.99999999999999978,
              -1.6368187865462204E-14
            ],
            [
              1.0,
              -2.5699523635277103E-16,
              -6.0337412410217537E-30
            ]
          ],
          "translation_cm": [
            -2.30000000000004,
            160.00000000000003,
            20.149999999998567
          ]
        }
      },
      {
        "node_id": "1092205896-M1.iam:1/0129327042-M2.ipt:31",
        "file_name": "C:\\Users\\hrish\\Downloads\\Assemblies for Training ML model\\Assembly 71\\Workspaces\\1092205895-M1\\0129327042-M2.ipt",
        "component_type": "kPartDocumentObject",
        "grounded": false,
        "suppressed": false,
        "visible": true,
        "adaptive": false,
        "flexible": false,
        "dof_translation": 0,
        "dof_rotation": 0,
        "fully_constrained": true,
        "transform": {
          "rotation_matrix": [
            [
              -1.6653345369377979E-16,
              -1.6395943441077814E-14,
              -0.99999999999999989
            ],
            [
              -3.4021615154250685E-16,
              0.99999999999999978,
              -1.6368187865462185E-14
            ],
            [
              1.0,
              1.7368269784891459E-16,
              -1.3083158577544178E-29
            ]
          ],
          "translation_cm": [
            -33.9499999999996,
            118.75000000000009,
            20.000000000000036
          ]
        }
      },
      {
        "node_id": "1092205896-M1.iam:1/0129327042-M2.ipt:32",
        "file_name": "C:\\Users\\hrish\\Downloads\\Assemblies for Training ML model\\Assembly 71\\Workspaces\\1092205895-M1\\0129327042-M2.ipt",
        "component_type": "kPartDocumentObject",
        "grounded": false,
        "suppressed": false,
        "visible": true,
        "adaptive": false,
        "flexible": false,
        "dof_translation": 0,
        "dof_rotation": 0,
        "fully_constrained": true,
        "transform": {
          "rotation_matrix": [
            [
              -1.6653345369377979E-16,
              -1.6395943441077814E-14,
              -0.99999999999999989
            ],
            [
              -3.4021615154250685E-16,
              0.99999999999999978,
              -1.6368187865462185E-14
            ],
            [
              1.0,
              1.7368269784891459E-16,
              -1.3083158577544178E-29
            ]
          ],
          "translation_cm": [
            -33.9499999999996,
            117.25000000000009,
            20.000000000000036
          ]
        }
      },
      {
        "node_id": "1092205896-M1.iam:1/0129327042-M2.ipt:33",
        "file_name": "C:\\Users\\hrish\\Downloads\\Assemblies for Training ML model\\Assembly 71\\Workspaces\\1092205895-M1\\0129327042-M2.ipt",
        "component_type": "kPartDocumentObject",
        "grounded": false,
        "suppressed": false,
        "visible": true,
        "adaptive": false,
        "flexible": false,
        "dof_translation": 0,
        "dof_rotation": 0,
        "fully_constrained": true,
        "transform": {
          "rotation_matrix": [
            [
              -1.6653345369377979E-16,
              -1.6395943441077814E-14,
              -0.99999999999999989
            ],
            [
              -3.4021615154250685E-16,
              0.99999999999999978,
              -1.6368187865462185E-14
            ],
            [
              1.0,
              1.7368269784891459E-16,
              -1.3083158577544178E-29
            ]
          ],
          "translation_cm": [
            -33.949999999999577,
            48.750000000000085,
            20.000000000000036
          ]
        }
      },
      {
        "node_id": "1092205896-M1.iam:1/0129327042-M2.ipt:34",
        "file_name": "C:\\Users\\hrish\\Downloads\\Assemblies for Training ML model\\Assembly 71\\Workspaces\\1092205895-M1\\0129327042-M2.ipt",
        "component_type": "kPartDocumentObject",
        "grounded": false,
        "suppressed": false,
        "visible": true,
        "adaptive": false,
        "flexible": false,
        "dof_translation": 0,
        "dof_rotation": 0,
        "fully_constrained": true,
        "transform": {
          "rotation_matrix": [
            [
              -1.6653345369377979E-16,
              -1.6395943441077814E-14,
              -0.99999999999999989
            ],
            [
              -3.4021615154250685E-16,
              0.99999999999999978,
              -1.6368187865462185E-14
            ],
            [
              1.0,
