{
  "assembly_metadata": {
    "assembly_name": "1092137240-M1.iam",
    "full_file_name": "C:\\Users\\hrish\\Downloads\\Assemblies for Training ML model\\Assembly 76\\Workspaces\\1092137240-M1\\1092137240-M1.iam",
    "internal_name": "{2AEFD4FE-4F8B-1BEB-9E85-6891251372DA}",
    "total_occurrences": 79,
    "total_constraints": 109
  },
  "physics": {
    "mass_kg": 47.459039673610754,
    "center_of_mass": [
      -0.72483017815516937,
      -19.775655722946585,
      1.0652986442218493
    ],
    "inertia_tensor": [
      50598.046551199666,
      184722.83001210095,
      158135.50647068734,
      237.43454420925391,
      -991.14549280896426,
      -876.07163401410446
    ]
  },
  "assembly_graph": {
    "nodes": [
      {
        "node_id": "1092137240-M2:1",
        "file_name": "C:\\Users\\hrish\\Downloads\\Assemblies for Training ML model\\Assembly 76\\Workspaces\\1092137240-M1\\1092137240-M2.ipt",
        "component_type": "kPartDocumentObject",
        "grounded": true,
        "suppressed": false,
        "visible": true,
        "adaptive": false,
        "flexible": false,
        "dof_translation": 0,
        "dof_rotation": 0,
        "fully_constrained": false,
        "transform": {
          "rotation_matrix": [
            [
              1.0,
              0.0,
              0.0
            ],
            [
              0.0,
              1.0,
              0.0
            ],
            [
              0.0,
              0.0,
              1.0
            ]
          ],
          "translation_cm": [
            0.0,
            0.0,
            0.0
          ]
        }
      },
      {
        "node_id": "1092137200-M3:1",
        "file_name": "C:\\Users\\hrish\\Downloads\\Assemblies for Training ML model\\Assembly 76\\Workspaces\\1092137240-M1\\1092137200-M3.ipt",
        "component_type": "kPartDocumentObject",
        "grounded": false,
        "suppressed": false,
        "visible": true,
        "adaptive": false,
        "flexible": false,
        "dof_translation": 0,
        "dof_rotation": 0,
        "fully_constrained": true,
        "transform": {
          "rotation_matrix": [
            [
              0.99999999999999589,
              9.4368957093139588E-16,
              2.6330303872874764E-17
            ],
            [
              1.4432899320126944E-15,
              0.99999999999999944,
              -1.1545063966722528E-14
            ],
            [
              -3.511529055381055E-17,
              1.1460542309262321E-14,
              0.99999999999999445
            ]
          ],
          "translation_cm": [
            -1.9184653865522705E-13,
            -41.100000000000406,
            -2.131628207280317E-14
          ]
        }
      },
      {
        "node_id": "1092137200-M4:1",
        "file_name": "C:\\Users\\hrish\\Downloads\\Assemblies for Training ML model\\Assembly 76\\Workspaces\\1092137240-M1\\1092137200-M4.ipt",
        "component_type": "kPartDocumentObject",
        "grounded": false,
        "suppressed": false,
        "visible": true,
        "adaptive": false,
        "flexible": false,
        "dof_translation": 0,
        "dof_rotation": 0,
        "fully_constrained": true,
        "transform": {
          "rotation_matrix": [
            [
              -5.3333437961393022E-15,
              -4.5044991966882778E-16,
              1.0
            ],
            [
              -1.0,
              -1.4357460672694618E-17,
              -5.3333437961393022E-15
            ],
            [
              1.4357460672697102E-17,
              -1.0,
              -4.5044991966882827E-16
            ]
          ],
          "translation_cm": [
            -79.800000000000068,
            -14.100000000000293,
            21.250000000000068
          ]
        }
      },
      {
        "node_id": "1092137240-M3:1",
        "file_name": "C:\\Users\\hrish\\Downloads\\Assemblies for Training ML model\\Assembly 76\\Workspaces\\1092137240-M1\\1092137240-M3.ipt",
        "component_type": "kPartDocumentObject",
        "grounded": false,
        "suppressed": false,
        "visible": true,
        "adaptive": false,
        "flexible": false,
        "dof_translation": 0,
        "dof_rotation": 0,
        "fully_constrained": true,
        "transform": {
          "rotation_matrix": [
            [
              -4.4716033379253639E-18,
              1.0,
              5.3333125152020662E-15
            ],
            [
              -1.405292800112297E-16,
              5.3333125152020441E-15,
              -0.99999999999999911
            ],
            [
              -0.99999999999999911,
              -4.47160333791897E-18,
              1.405292800112297E-16
            ]
          ],
          "translation_cm": [
            76.8,
            3.200000000000601,
            -33.599999999999966
          ]
        }
      },
      {
        "node_id": "1092137240-M4:1",
        "file_name": "C:\\Users\\hrish\\Downloads\\Assemblies for Training ML model\\Assembly 76\\Workspaces\\1092137240-M1\\1092137240-M4.ipt",
        "component_type": "kPartDocumentObject",
        "grounded": false,
        "suppressed": false,
        "visible": true,
        "adaptive": false,
        "flexible": false,
        "dof_translation": 0,
        "dof_rotation": 0,
        "fully_constrained": true,
        "transform": {
          "rotation_matrix": [
            [
              4.47160333792585E-18,
              -1.0,
              -1.8999859036867173E-15
            ],
            [
              -1.4052928001122977E-16,
              1.8999859036867173E-15,
              -1.0
            ],
            [
              1.0,
              4.4716033379261173E-18,
              -1.4052928001122977E-16
            ]
          ],
          "translation_cm": [
            -76.95,
            3.200000000000339,
            28.999999999999975
          ]
        }
      },
      {
        "node_id": "1092137200-M7:1",
        "file_name": "C:\\Users\\hrish\\Downloads\\Assemblies for Training ML model\\Assembly 76\\Workspaces\\1092137240-M1\\1092137200-M7.ipt",
        "component_type": "kPartDocumentObject",
        "grounded": false,
        "suppressed": false,
        "visible": true,
        "adaptive": false,
        "flexible": false,
        "dof_translation": 0,
        "dof_rotation": 0,
        "fully_constrained": true,
        "transform": {
          "rotation_matrix": [
            [
              -0.99999999999999789,
              4.4716033379215266E-18,
              2.7735882626598269E-15
            ],
            [
              9.6504419414506914E-17,
              1.7151244994428811E-15,
              -0.999999999999999
            ],
            [
              -3.1686072235196036E-15,
              -0.99999999999999967,
              7.0185784708720982E-16
            ]
          ],
          "translation_cm": [
            -76.8,
            -1.8499999999999772,
            -10.950000000000228
          ]
        }
      },
      {
        "node_id": "1092137200-M7:2",
        "file_name": "C:\\Users\\hrish\\Downloads\\Assemblies for Training ML model\\Assembly 76\\Workspaces\\1092137240-M1\\1092137200-M7.ipt",
        "component_type": "kPartDocumentObject",
        "grounded": false,
        "suppressed": false,
        "visible": true,
        "adaptive": false,
        "flexible": false,
        "dof_translation": 0,
        "dof_rotation": 0,
        "fully_constrained": true,
        "transform": {
          "rotation_matrix": [
            [
              0.99999999999999933,
              -4.4716033379261173E-18,
              -2.7380673574241534E-34
            ],
            [
              2.0526832973507926E-48,
              6.1232339957367685E-17,
              -1.0
            ],
            [
              4.4716033379261173E-18,
              0.99999999999999933,
              6.12323399573676E-17
            ]
          ],
          "translation_cm": [
            76.799999999999969,
            -1.85,
            -2.4499999999998878
          ]
        }
      },
      {
        "node_id": "1092137200-M8:1",
        "file_name": "C:\\Users\\hrish\\Downloads\\Assemblies for Training ML model\\Assembly 76\\Workspaces\\1092137240-M1\\1092137200-M8.ipt",
        "component_type": "kPartDocumentObject",
        "grounded": false,
        "suppressed": false,
        "visible": true,
        "adaptive": false,
        "flexible": false,
        "dof_translation": 0,
        "dof_rotation": 0,
        "fully_constrained": true,
        "transform": {
          "rotation_matrix": [
            [
              7.7150742391894953E-15,
              0.99999999999999534,
              -3.7147755291563306E-15
            ],
            [
              0.99999999999998535,
              -7.70217223333681E-15,
              -6.6976375296044482E-18
            ],
            [
              1.4889768730738508E-19,
              -3.665141451408332E-15,
              -0.9999999999999879
            ]
          ],
          "translation_cm": [
            -75.299996276384945,
            -20.767678601027622,
            -9.13232139897245
          ]
        }
      },
      {
        "node_id": "1092137200-M9:1",
        "file_name": "C:\\Users\\hrish\\Downloads\\Assemblies for Training ML model\\Assembly 76\\Workspaces\\1092137240-M1\\1092137200-M9.ipt",
        "component_type": "kPartDocumentObject",
        "grounded": false,
        "suppressed": false,
        "visible": true,
        "adaptive": false,
        "flexible": false,
        "dof_translation": 0,
        "dof_rotation": 0,
        "fully_constrained": true,
        "transform": {
          "rotation_matrix": [
            [
              1.9797214247804651E-18,
              5.6086703768974431E-21,
              1.0
            ],
            [
              1.0,
              -4.8917030599105105E-15,
              -1.9797214247804697E-18
            ],
            [
              4.8917030599105105E-15,
              1.0,
              -5.6086703769173268E-21
            ]
          ],
          "translation_cm": [
            13.000000000000171,
            -32.900000000000233,
            -33.800000000000168
          ]
        }
      },
      {
        "node_id": "1092137200-M9:2",
        "file_name": "C:\\Users\\hrish\\Downloads\\Assemblies for Training ML model\\Assembly 76\\Workspaces\\1092137240-M1\\1092137200-M9.ipt",
        "component_type": "kPartDocumentObject",
        "grounded": false,
        "suppressed": false,
        "visible": true,
        "adaptive": false,
        "flexible": false,
        "dof_translation": 0,
        "dof_rotation": 0,
        "fully_constrained": true,
        "transform": {
          "rotation_matrix": [
            [
              1.9797214247804697E-18,
              5.6086703768934317E-21,
              1.0
            ],
            [
              1.0,
              -4.8917030599105105E-15,
              -1.9797214247804697E-18
            ],
            [
              4.8917030599105105E-15,
              1.0,
              -5.6086703769043825E-21
            ]
          ],
          "translation_cm": [
            61.000000000000171,
            -32.900000000000233,
            -33.800000000000168
          ]
        }
      },
      {
        "node_id": "1092137200-M9:3",
        "file_name": "C:\\Users\\hrish\\Downloads\\Assemblies for Training ML model\\Assembly 76\\Workspaces\\1092137240-M1\\1092137200-M9.ipt",
        "component_type": "kPartDocumentObject",
        "grounded": false,
        "suppressed": false,
        "visible": true,
        "adaptive": false,
        "flexible": false,
        "dof_translation": 0,
        "dof_rotation": 0,
        "fully_constrained": true,
        "transform": {
          "rotation_matrix": [
            [
              1.9797214247804867E-18,
              -5.6086703768963056E-21,
              -1.0
            ],
            [
              1.0,
              -4.8913632427938717E-15,
              1.9797214247804867E-18
            ],
            [
              -4.8913632427938717E-15,
              -1.0,
              5.6086703768968224E-21
            ]
          ],
          "translation_cm": [
            65.000000000000171,
            -32.899999999999892,
            33.800000000000168
          ]
        }
      },
      {
        "node_id": "1092137200-M9:4",
        "file_name": "C:\\Users\\hrish\\Downloads\\Assemblies for Training ML model\\Assembly 76\\Workspaces\\1092137240-M1\\1092137200-M9.ipt",
        "component_type": "kPartDocumentObject",
        "grounded": false,
        "suppressed": false,
        "visible": true,
        "adaptive": false,
        "flexible": false,
        "dof_translation": 0,
        "dof_rotation": 0,
        "fully_constrained": true,
        "transform": {
          "rotation_matrix": [
            [
              1.0000000000000442,
              -7.733958400745278E-16,
              5.333312515202373E-15
            ],
            [
              4.8892233053522883E-15,
              -4.6995787838512015E-15,
              -1.0000000000000502
            ],
            [
              -2.6959250294302956E-16,
              1.0000000000000457,
              -5.3900352813187163E-15
            ]
          ],
          "translation_cm": [
            -4.7999999999999226,
            -5.4999999999996056,
            -33.800000000000026
          ]
        }
      },
      {
        "node_id": "1092137200-M9:5",
        "file_name": "C:\\Users\\hrish\\Downloads\\Assemblies for Training ML model\\Assembly 76\\Workspaces\\1092137240-M1\\1092137200-M9.ipt",
        "component_type": "kPartDocumentObject",
        "grounded": false,
        "suppressed": false,
        "visible": true,
        "adaptive": false,
        "flexible": false,
        "dof_translation": 0,
        "dof_rotation": 0,
        "fully_constrained": true,
        "transform": {
          "rotation_matrix": [
            [
              1.9797214247804913E-18,
              -5.6086703768963063E-21,
              -1.0
            ],
            [
              1.0,
              -4.8913632427936839E-15,
              1.9797214247804867E-18
            ],
            [
              -4.8913632427938732E-15,
              -1.0,
              5.6086703768968224E-21
            ]
          ],
          "translation_cm": [
            17.000000000000171,
            -32.899999999999892,
            33.800000000000168
          ]
        }
      },
      {
        "node_id": "1092137200-M9:6",
        "file_name": "C:\\Users\\hrish\\Downloads\\Assemblies for Training ML model\\Assembly 76\\Workspaces\\1092137240-M1\\1092137200-M9.ipt",
        "component_type": "kPartDocumentObject",
        "grounded": false,
        "suppressed": false,
        "visible": true,
        "adaptive": false,
        "flexible": false,
        "dof_translation": 0,
        "dof_rotation": 0,
        "fully_constrained": true,
        "transform": {
          "rotation_matrix": [
            [
              1.0000000000000091,
              1.3612922735624632E-15,
              5.3333125152021663E-15
            ],
            [
              5.3333125152021616E-15,
              -5.0507751777856119E-15,
              -1.0000000000000115
            ],
            [
              -4.5420587688521061E-16,
              1.0000000000000004,
              -5.3900352813185096E-15
            ]
          ],
          "translation_cm": [
            -4.7999999999999572,
            -26.100000000000378,
            -33.800000000000139
          ]
        }
      },
      {
        "node_id": "1092137200-M9:7",
        "file_name": "C:\\Users\\hrish\\Downloads\\Assemblies for Training ML model\\Assembly 76\\Workspaces\\1092137240-M1\\1092137200-M9.ipt",
        "component_type": "kPartDocumentObject",
        "grounded": false,
        "suppressed": false,
        "visible": true,
        "adaptive": false,
        "flexible": false,
        "dof_translation": 0,
        "dof_rotation": 0,
        "fully_constrained": true,
        "transform": {
          "rotation_matrix": [
            [
              0.99999999999999678,
              2.4821428482032167E-15,
              -5.3333125152020385E-15
            ],
            [
              5.333312515202052E-15,
              -5.3896954642017887E-15,
              0.99999999999999678
            ],
            [
              2.4821428482032025E-15,
              -0.99999999999999678,
              -5.3896954642018029E-15
            ]
          ],
          "translation_cm": [
            -4.7999999999999616,
            -9.5000000000001243,
            33.800000000000018
          ]
        }
      },
      {
        "node_id": "1092137200-M9:8",
        "file_name": "C:\\Users\\hrish\\Downloads\\Assemblies for Training ML model\\Assembly 76\\Workspaces\\1092137240-M1\\1092137200-M9.ipt",
        "component_type": "kPartDocumentObject",
        "grounded": false,
        "suppressed": false,
        "visible": true,
        "adaptive": false,
        "flexible": false,
        "dof_translation": 0,
        "dof_rotation": 0,
        "fully_constrained": true,
        "transform": {
          "rotation_matrix": [
            [
              1.0000000000000036,
              4.3558114885014591E-15,
              -5.333312515202078E-15
            ],
            [
              5.3333125152021016E-15,
              -5.3896954642018258E-15,
              1.0000000000000036
            ],
            [
              4.3558114885014307E-15,
              -1.0000000000000036,
              -5.3896954642018487E-15
            ]
          ],
          "translation_cm": [
            -4.79999999999985,
            -30.100000000000058,
            33.800000000000132
          ]
        }
      },
      {
        "node_id": "1092137200-M10:1",
        "file_name": "C:\\Users\\hrish\\Downloads\\Assemblies for Training ML model\\Assembly 76\\Workspaces\\1092137240-M1\\1092137200-M10.ipt",
        "component_type": "kPartDocumentObject",
        "grounded": false,
        "suppressed": false,
        "visible": true,
        "adaptive": false,
        "flexible": false,
        "dof_translation": 0,
        "dof_rotation": 1,
        "fully_constrained": false,
        "transform": {
          "rotation_matrix": [
            [
              1.0000000000000004,
              1.8732878671475406E-15,
              -3.330570508875352E-16
            ],
            [
              3.3307676388754364E-16,
              5.226999274335365E-15,
              -1.0000000000000007
            ],
            [
              -1.83185813413151E-15,
              0.99999999999999989,
              5.3896954642018148E-15
            ]
          ],
          "translation_cm": [
            -77.499999999999943,
            -4.7999999999999989,
            33.800000000000018
          ]
        }
      },
      {
        "node_id": "1092137200-M10:2",
        "file_name": "C:\\Users\\hrish\\Downloads\\Assemblies for Training ML model\\Assembly 76\\Workspaces\\1092137240-M1\\1092137200-M10.ipt",
        "component_type": "kPartDocumentObject",
        "grounded": false,
        "suppressed": false,
        "visible": true,
        "adaptive": false,
        "flexible": false,
        "dof_translation": 0,
        "dof_rotation": 1,
        "fully_constrained": false,
        "transform": {
          "rotation_matrix": [
            [
              1.0,
              -9.8565E-21,
              9.8565E-21
            ],
            [
              9.8565E-21,
              5.38969546420181E-15,
              -1.0
            ],
            [
              9.8565E-21,
              1.0,
              5.38969546420181E-15
            ]
          ],
          "translation_cm": [
            -77.500000000000028,
            -33.8,
            33.800000000000175
          ]
        }
      },
      {
        "node_id": "1092137200-M10:4",
        "file_name": "C:\\Users\\hrish\\Downloads\\Assemblies for Training ML model\\Assembly 76\\Workspaces\\1092137240-M1\\1092137200-M10.ipt",
        "component_type": "kPartDocumentObject",
        "grounded": false,
        "suppressed": false,
        "visible": true,
        "adaptive": false,
        "flexible": false,
        "dof_translation": 0,
        "dof_rotation": 1,
        "fully_constrained": false,
        "transform": {
          "rotation_matrix": [
            [
              -0.448812065574309,
              -9.85649280171116E-21,
              0.89362616892911273
            ],
            [
              0.89362616892911273,
              5.38969546420181E-15,
              0.448812065574309
            ],
            [
              -4.8163773330821743E-15,
              1.0,
              -2.4189515460849986E-15
            ]
          ],
          "translation_cm": [
            77.499999999999986,
            -33.79999999999999,
            33.800000000000175
          ]
        }
      },
      {
        "node_id": "1092137200-M10:6",
        "file_name": "C:\\Users\\hrish\\Downloads\\Assemblies for Training ML model\\Assembly 76\\Workspaces\\1092137240-M1\\1092137200-M10.ipt",
        "component_type": "kPartDocumentObject",
        "grounded": false,
        "suppressed": false,
        "visible": true,
        "adaptive": false,
        "flexible": false,
        "dof_translation": 0,
        "dof_rotation": 1,
        "fully_constrained": false,
        "transform": {
          "rotation_matrix": [
            [
              -0.6942134856615827,
              -9.8564945528837624E-21,
              -0.71976915488620319
            ],
            [
              -0.71976915488620319,
              5.3896954642018069E-15,
              0.6942134856615827
            ],
            [
              3.8793297068510912E-15,
              1.0,
              -3.7416063692587235E-15
            ]
          ],
          "translation_cm": [
            77.5,
            -4.7999999999999883,
            33.800000000000018
          ]
        }
      },
      {
        "node_id": "1092137200-M10:7",
        "file_name": "C:\\Users\\hrish\\Downloads\\Assemblies for Training ML model\\Assembly 76\\Workspaces\\1092137240-M1\\1092137200-M10.ipt",
        "component_type": "kPartDocumentObject",
        "grounded": false,
        "suppressed": false,
        "visible": true,
        "adaptive": false,
        "flexible": false,
        "dof_translation": 0,
        "dof_rotation": 1,
        "fully_constrained": false,
        "transform": {
          "rotation_matrix": [
            [
              1.0,
              -9.8565E-21,
              9.8565E-21
            ],
            [
              9.8565E-21,
              5.38969546420181E-15,
              -1.0
            ],
            [
              9.8565E-21,
              1.0,
              5.38969546420181E-15
            ]
          ],
          "translation_cm": [
            1.9895196798395911E-13,
            -39.400000000000006,
            33.8000000000002
          ]
        }
      },
      {
        "node_id": "1092137200-M11:1",
        "file_name": "C:\\Users\\hrish\\Downloads\\Assemblies for Training ML model\\Assembly 76\\Workspaces\\1092137240-M1\\1092137200-M11.ipt",
        "component_type": "kPartDocumentObject",
        "grounded": false,
        "suppressed": false,
        "visible": true,
        "adaptive": false,
        "flexible": false,
        "dof_translation": 0,
        "dof_rotation": 0,
        "fully_constrained": true,
        "transform": {
          "rotation_matrix": [
            [
              -5.33331251520203E-15,
              4.4716033379269631E-18,
              1.0
            ],
            [
              1.000000000000002,
              -1.5640391034978568E-16,
              5.3333125152020117E-15
            ],
            [
              1.5640391034978568E-16,
              1.000000000000002,
              -4.4716033379373817E-18
            ]
          ],
          "translation_cm": [
            80.000000000000057,
            -14.80000000000002,
            21.00000000000005
          ]
        }
      },
      {
        "node_id": "0298010400-M1-00:1",
        "file_name": "C:\\Users\\hrish\\Downloads\\Assemblies for Training ML model\\Assembly 76\\Workspaces\\1092137240-M1\\0298010400-M1-00.ipt",
        "component_type": "kPartDocumentObject",
        "grounded": false,
        "suppressed": false,
        "visible": true,
        "adaptive": false,
        "flexible": false,
        "dof_translation": 0,
        "dof_rotation": 0,
        "fully_constrained": true,
        "transform": {
          "rotation_matrix": [
            [
              -4.4716033379256312E-18,
              -5.3333125152020591E-15,
              -1.0
            ],
            [
              -9.1638736238804636E-17,
              1.0,
              -5.3333125152020591E-15
            ],
            [
              1.0,
              9.1638736238814694E-17,
              -4.47160333792612E-18
            ]
          ],
          "translation_cm": [
            79.760000000000034,
            -3.7999999999999994,
            31.000000000000064
          ]
        }
      },
      {
        "node_id": "0298010400-M1-00:2",
        "file_name": "C:\\Users\\hrish\\Downloads\\Assemblies for Training ML model\\Assembly 76\\Workspaces\\1092137240-M1\\0298010400-M1-00.ipt",
        "component_type": "kPartDocumentObject",
        "grounded": false,
        "suppressed": false,
        "visible": true,
        "adaptive": false,
        "flexible": false,
        "dof_translation": 0,
        "dof_rotation": 0,
        "fully_constrained": true,
        "transform": {
          "rotation_matrix": [
            [
              -4.4716033379256312E-18,
              -5.3333125152020591E-15,
              -1.0
            ],
            [
              -9.163873623880466E-17,
              1.0,
              -5.3333125152020591E-15
            ],
            [
              1.0,
              9.1638736238814669E-17,
              -4.47160333792612E-18
            ]
          ],
          "translation_cm": [
            79.760000000000034,
            -3.7999999999999967,
            11.000000000000064
          ]
        }
      },
      {
        "node_id": "0298010400-M1-00:3",
        "file_name": "C:\\Users\\hrish\\Downloads\\Assemblies for Training ML model\\Assembly 76\\Workspaces\\1092137240-M1\\0298010400-M1-00.ipt",
        "component_type": "kPartDocumentObject",
        "grounded": false,
        "suppressed": false,
        "visible": true,
        "adaptive": false,
        "flexible": false,
        "dof_translation": 0,
        "dof_rotation": 0,
        "fully_constrained": true,
        "transform": {
          "rotation_matrix": [
            [
              -4.4716033379256312E-18,
              -5.3333125152020591E-15,
              -1.0
            ],
            [
              -9.163873623880466E-17,
              1.0,
              -5.3333125152020591E-15
            ],
            [
              1.0,
              9.1638736238814669E-17,
              -4.47160333792612E-18
            ]
          ],
          "translation_cm": [
            79.760000000000133,
            -25.8,
            31.00000000000006
          ]
        }
      },
      {
        "node_id": "0298010400-M1-00:4",
        "file_name": "C:\\Users\\hrish\\Downloads\\Assemblies for Training ML model\\Assembly 76\\Workspaces\\1092137240-M1\\0298010400-M1-00.ipt",
        "component_type": "kPartDocumentObject",
        "grounded": false,
        "suppressed": false,
        "visible": true,
        "adaptive": false,
        "flexible": false,
        "dof_translation": 0,
        "dof_rotation": 0,
        "fully_constrained": true,
        "transform": {
          "rotation_matrix": [
            [
              -4.4716033379256312E-18,
              -5.3333125152020591E-15,
              -1.0
            ],
            [
              -9.163873623880466E-17,
              1.0,
              -5.3333125152020591E-15
            ],
            [
              1.0,
              9.1638736238814669E-17,
              -4.47160333792612E-18
            ]
          ],
          "translation_cm": [
            79.760000000000133,
            -25.799999999999997,
            11.00000000000006
          ]
        }
      },
      {
        "node_id": "1092137200-M13:1",
        "file_name": "C:\\Users\\hrish\\Downloads\\Assemblies for Training ML model\\Assembly 76\\Workspaces\\1092137240-M1\\1092137200-M13.ipt",
        "component_type": "kPartDocumentObject",
        "grounded": false,
        "suppressed": false,
        "visible": true,
        "adaptive": false,
        "flexible": false,
        "dof_translation": 0,
        "dof_rotation": 0,
        "fully_constrained": true,
        "transform": {
          "rotation_matrix": [
            [
              7.3383655344535988E-15,
              1.0,
              -3.7147755291563409E-15
            ],
            [
              1.0000000000000082,
              -8.4466137381880941E-15,
              1.1545063966722746E-14
            ],
            [
              8.9915510100848859E-15,
              -1.6367854280095962E-15,
              -1.0000000000000127
            ]
          ],
          "translation_cm": [
            -75.099996276384914,
            -10.239999999999268,
            -21.519999999999985
          ]
        }
      },
      {
        "node_id": "0147124603-M1-00:1",
        "file_name": "C:\\Users\\hrish\\Downloads\\Assemblies for Training ML model\\Assembly 76\\Workspaces\\1092137240-M1\\0147124603-M1-00.ipt",
        "component_type": "kPartDocumentObject",
        "grounded": false,
        "suppressed": false,
        "visible": true,
        "adaptive": false,
        "flexible": false,
        "dof_translation": 0,
        "dof_rotation": 0,
        "fully_constrained": true,
        "transform": {
          "rotation_matrix": [
            [
              -4.4716033379632615E-18,
              -5.3333125152019991E-15,
              0.99999999999999911
            ],
            [
              1.125500323817405E-15,
              0.99999999999999645,
              5.6386238469736016E-15
            ],
            [
              -1.0,
              1.1805938663722658E-15,
              -6.6471133143073608E-16
            ]
          ],
          "translation_cm": [
            80.360000000000028,
            -3.7999999999999967,
            31.000000000000064
          ]
        }
      },
      {
        "node_id": "0301232100-M1-00:1",
        "file_name": "C:\\Users\\hrish\\Downloads\\Assemblies for Training ML model\\Assembly 76\\Workspaces\\1092137240-M1\\0301232100-M1-00.ipt",
        "component_type": "kPartDocumentObject",
        "grounded": false,
        "suppressed": false,
        "visible": true,
        "adaptive": false,
        "flexible": false,
        "dof_translation": 0,
        "dof_rotation": 0,
        "fully_constrained": true,
        "transform": {
          "rotation_matrix": [
            [
              4.4716033379285309E-18,
              5.3333125152020172E-15,
              1.0
            ],
            [
              -4.524633835831605E-16,
              -1.0,
              5.3333125152020172E-15
            ],
            [
              1.0,
              -4.524633835831605E-16,
              -4.4716033379261173E-18
            ]
          ],
          "translation_cm": [
            80.200000000000031,
            -3.7999999999999976,
            31.000000000000068
          ]
        }
      },
      {
        "node_id": "0147124603-M1-00:2",
        "file_name": "C:\\Users\\hrish\\Downloads\\Assemblies for Training ML model\\Assembly 76\\Workspaces\\1092137240-M1\\0147124603-M1-00.ipt",
        "component_type": "kPartDocumentObject",
        "grounded": false,
        "suppressed": false,
        "visible": true,
        "adaptive": false,
        "flexible": false,
        "dof_translation": 0,
        "dof_rotation": 0,
        "fully_constrained": true,
        "transform": {
          "rotation_matrix": [
            [
              -4.4716033379632615E-18,
              -5.333312515202E-15,
              0.99999999999999911
            ],
            [
              1.125500323817405E-15,
              0.99999999999999645,
              5.6386238469736024E-15
            ],
            [
              -1.0,
              1.1805938663722658E-15,
              -6.6471133143073608E-16
            ]
          ],
          "translation_cm": [
            80.360000000000028,
            -3.7999999999999905,
            11.000000000000064
          ]
        }
      },
      {
        "node_id": "0301232100-M1-00:2",
        "file_name": "C:\\Users\\hrish\\Downloads\\Assemblies for Training ML model\\Assembly 76\\Workspaces\\1092137240-M1\\0301232100-M1-00.ipt",
        "component_type": "kPartDocumentObject",
        "grounded": false,
        "suppressed": false,
        "visible": true,
        "adaptive": false,
        "flexible": false,
        "dof_translation": 0,
        "dof_rotation": 0,
        "fully_constrained": true,
        "transform": {
          "rotation_matrix": [
            [
              4.4716033379285309E-18,
              5.3333125152020172E-15,
              1.0
            ],
            [
              -4.524633835831605E-16,
              -1.0,
              5.3333125152020172E-15
            ],
            [
              1.0,
              -4.524633835831605E-16,
              -4.4716033379261173E-18
            ]
          ],
          "translation_cm": [
            80.200000000000031,
            -3.7999999999999918,
            11.000000000000068
          ]
        }
      },
      {
        "node_id": "0147124603-M1-00:3",
        "file_name": "C:\\Users\\hrish\\Downloads\\Assemblies for Training ML model\\Assembly 76\\Workspaces\\1092137240-M1\\0147124603-M1-00.ipt",
        "component_type": "kPartDocumentObject",
        "grounded": false,
        "suppressed": false,
        "visible": true,
        "adaptive": false,
        "flexible": false,
        "dof_translation": 0,
        "dof_rotation": 0,
        "fully_constrained": true,
        "transform": {
          "rotation_matrix": [
            [
              -4.4716033379632615E-18,
              -5.333312515202E-15,
              0.99999999999999911
            ],
            [
              1.125500323817405E-15,
              0.99999999999999645,
              5.6386238469736024E-15
            ],
            [
              -1.0,
              1.1805938663722658E-15,
              -6.6471133143073608E-16
            ]
          ],
          "translation_cm": [
            80.360000000000127,
            -25.8,
            31.000000000000057
          ]
        }
      },
      {
        "node_id": "0301232100-M1-00:3",
        "file_name": "C:\\Users\\hrish\\Downloads\\Assemblies for Training ML model\\Assembly 76\\Workspaces\\1092137240-M1\\0301232100-M1-00.ipt",
        "component_type": "kPartDocumentObject",
        "grounded": false,
        "suppressed": false,
        "visible": true,
        "adaptive": false,
        "flexible": false,
        "dof_translation": 0,
        "dof_rotation": 0,
        "fully_constrained": true,
        "transform": {
          "rotation_matrix": [
            [
              4.4716033379285309E-18,
              5.3333125152020172E-15,
              1.0
            ],
            [
              -4.524633835831605E-16,
              -1.0,
              5.3333125152020172E-15
            ],
            [
              1.0,
              -4.524633835831605E-16,
              -4.4716033379261173E-18
            ]
          ],
          "translation_cm": [
            80.200000000000131,
            -25.799999999999997,
            31.000000000000053
          ]
        }
      },
      {
        "node_id": "0147124603-M1-00:4",
        "file_name": "C:\\Users\\hrish\\Downloads\\Assemblies for Training ML model\\Assembly 76\\Workspaces\\1092137240-M1\\0147124603-M1-00.ipt",
        "component_type": "kPartDocumentObject",
        "grounded": false,
        "suppressed": false,
        "visible": true,
        "adaptive": false,
        "flexible": false,
        "dof_translation": 0,
        "dof_rotation": 0,
        "fully_constrained": true,
        "transform": {
          "rotation_matrix": [
            [
              -4.4716033379632615E-18,
              -5.333312515202E-15,
              0.99999999999999911
            ],
            [
              1.125500323817405E-15,
              0.99999999999999645,
              5.6386238469736024E-15
            ],
            [
              -1.0,
              1.1805938663722658E-15,
              -6.6471133143073608E-16
            ]
          ],
          "translation_cm": [
            80.360000000000127,
            -25.799999999999997,
            11.000000000000053
          ]
        }
      },
      {
        "node_id": "0301232100-M1-00:4",
        "file_name": "C:\\Users\\hrish\\Downloads\\Assemblies for Training ML model\\Assembly 76\\Workspaces\\1092137240-M1\\0301232100-M1-00.ipt",
        "component_type": "kPartDocumentObject",
        "grounded": false,
        "suppressed": false,
        "visible": true,
        "adaptive": false,
        "flexible": false,
        "dof_translation": 0,
        "dof_rotation": 0,
        "fully_constrained": true,
        "transform": {
          "rotation_matrix": [
            [
              4.4716033379285309E-18,
              5.3333125152020172E-15,
              1.0
            ],
            [
              -4.524633835831605E-16,
              -1.0,
              5.3333125152020172E-15
            ],
            [
              1.0,
              -4.524633835831605E-16,
              -4.4716033379261173E-18
            ]
          ],
          "translation_cm": [
            80.200000000000131,
            -25.799999999999986,
            11.000000000000057
          ]
        }
      },
      {
        "node_id": "1619276600-M1-00:5",
        "file_name": "C:\\Users\\hrish\\Downloads\\Assemblies for Training ML model\\Assembly 76\\Workspaces\\1092137240-M1\\1619276600-M1-00.ipt",
        "component_type": "kPartDocumentObject",
        "grounded": false,
        "suppressed": false,
        "visible": true,
        "adaptive": false,
        "flexible": false,
