{
  "assembly_metadata": {
    "assembly_name": "1092902697-M1.iam",
    "full_file_name": "C:\\Users\\hrish\\Downloads\\Assemblies for Training ML model\\Assembly 52\\Workspaces\\1092902697\\1092902697-M1.iam",
    "internal_name": "{67AB31E2-45AB-4922-88C7-B1B95F5A1701}",
    "total_occurrences": 43,
    "total_constraints": 74
  },
  "physics": {
    "mass_kg": 60.9357149388222,
    "center_of_mass": [
      0.21550047620093124,
      -0.34575202896245943,
      38.884703469987294
    ],
    "inertia_tensor": [
      47354.568997749164,
      47270.240165548414,
      14930.085958518603,
      317.15762343083992,
      475.84611678346232,
      -715.84393591471485
    ]
  },
  "assembly_graph": {
    "nodes": [
      {
        "node_id": "1092902697-M6:1",
        "file_name": "C:\\Users\\hrish\\Downloads\\Assemblies for Training ML model\\Assembly 52\\Workspaces\\1092902697\\1092902697-M6.ipt",
        "component_type": "kPartDocumentObject",
        "grounded": true,
        "suppressed": false,
        "visible": true,
        "adaptive": false,
        "flexible": false,
        "dof_translation": 0,
        "dof_rotation": 0,
        "fully_constrained": false,
        "transform": {
          "rotation_matrix": [
            [
              1.0,
              -5.8813999996696875E-17,
              -8.1901997560139529E-64
            ],
            [
              5.8813999996696875E-17,
              1.0,
              1.3925595532481948E-47
            ],
            [
              -6.1854074429604784E-69,
              -1.3925595532481948E-47,
              1.0
            ]
          ],
          "translation_cm": [
            0.0,
            1.8681760833130108E-67,
            3.5527136788005009E-15
          ]
        }
      },
      {
        "node_id": "1092902697-M20:1",
        "file_name": "C:\\Users\\hrish\\Downloads\\Assemblies for Training ML model\\Assembly 52\\Workspaces\\1092902697\\1092902697-M20.ipt",
        "component_type": "kPartDocumentObject",
        "grounded": false,
        "suppressed": false,
        "visible": true,
        "adaptive": false,
        "flexible": false,
        "dof_translation": 0,
        "dof_rotation": 0,
        "fully_constrained": true,
        "transform": {
          "rotation_matrix": [
            [
              -0.01745240643728142,
              2.5102917970468338E-15,
              0.99984769515638816
            ],
            [
              0.999847695156388,
              -2.62365237874312E-15,
              0.01745240643728135
            ],
            [
              2.5403618342045543E-15,
              0.99999999999999867,
              -2.3102264386977574E-15
            ]
          ],
          "translation_cm": [
            -3.66967478823238E-16,
            -2.2408874894289969E-15,
            56.299999999999976
          ]
        }
      },
      {
        "node_id": "1092902697-M9:1",
        "file_name": "C:\\Users\\hrish\\Downloads\\Assemblies for Training ML model\\Assembly 52\\Workspaces\\1092902697\\1092902697-M9.ipt",
        "component_type": "kPartDocumentObject",
        "grounded": false,
        "suppressed": false,
        "visible": true,
        "adaptive": false,
        "flexible": false,
        "dof_translation": 0,
        "dof_rotation": 0,
        "fully_constrained": true,
        "transform": {
          "rotation_matrix": [
            [
              -0.86602540378444526,
              0.49999999999999561,
              2.3233965187448664E-15
            ],
            [
              0.50000000000000433,
              0.86602540378443316,
              -1.2000035737015844E-15
            ],
            [
              -3.5618306473168431E-15,
              -1.6545526239851211E-15,
              -1.0000000000001228
            ]
          ],
          "translation_cm": [
            8.8817841970012523E-16,
            -3.5527136788005009E-15,
            1.0000000000002491
          ]
        }
      },
      {
        "node_id": "1092902697-M3:1",
        "file_name": "C:\\Users\\hrish\\Downloads\\Assemblies for Training ML model\\Assembly 52\\Workspaces\\1092902697\\1092902697-M3.ipt",
        "component_type": "kPartDocumentObject",
        "grounded": false,
        "suppressed": false,
        "visible": true,
        "adaptive": false,
        "flexible": false,
        "dof_translation": 0,
        "dof_rotation": 0,
        "fully_constrained": true,
        "transform": {
          "rotation_matrix": [
            [
              0.50000000000000011,
              -0.86602540378443837,
              -2.0061475966275006E-15
            ],
            [
              -1.003073798313757E-15,
              1.7373747824205227E-15,
              -1.0000000000000002
            ],
            [
              0.86602540378443837,
              0.50000000000000011,
              2.2861199553451708E-30
            ]
          ],
          "translation_cm": [
            13.950000000000008,
            -18.750000000000004,
            49.499999999999964
          ]
        }
      },
      {
        "node_id": "1092902697-M2:1",
        "file_name": "C:\\Users\\hrish\\Downloads\\Assemblies for Training ML model\\Assembly 52\\Workspaces\\1092902697\\1092902697-M2.ipt",
        "component_type": "kPartDocumentObject",
        "grounded": false,
        "suppressed": false,
        "visible": true,
        "adaptive": false,
        "flexible": false,
        "dof_translation": 0,
        "dof_rotation": 0,
        "fully_constrained": true,
        "transform": {
          "rotation_matrix": [
            [
              -0.99999999999999978,
              9.992007221625973E-16,
              1.089189180461192E-16
            ],
            [
              -1.0891891804611921E-16,
              1.621944502412215E-32,
              -1.0
            ],
            [
              -9.992007221625973E-16,
              -0.99999999999999978,
              4.54103131962652E-32
            ]
          ],
          "translation_cm": [
            13.950000000000005,
            -17.300000000000004,
            49.49999999999995
          ]
        }
      },
      {
        "node_id": "1092902697-M10:1",
        "file_name": "C:\\Users\\hrish\\Downloads\\Assemblies for Training ML model\\Assembly 52\\Workspaces\\1092902697\\1092902697-M10.ipt",
        "component_type": "kPartDocumentObject",
        "grounded": false,
        "suppressed": false,
        "visible": true,
        "adaptive": false,
        "flexible": false,
        "dof_translation": 0,
        "dof_rotation": 0,
        "fully_constrained": true,
        "transform": {
          "rotation_matrix": [
            [
              0.99999999999999956,
              2.2204460492502813E-16,
              -3.6729068213125232E-31
            ],
            [
              2.7652524003867431E-33,
              -0.999999999999996,
              4.313840980522135E-32
            ],
            [
              -1.545056741608266E-15,
              -1.301838623881523E-15,
              -0.99999999999999734
            ]
          ],
          "translation_cm": [
            -5.3500000000000023,
            19.099999999999927,
            46.800000000000168
          ]
        }
      },
      {
        "node_id": "1092902697-M5:1",
        "file_name": "C:\\Users\\hrish\\Downloads\\Assemblies for Training ML model\\Assembly 52\\Workspaces\\1092902697\\1092902697-M5.ipt",
        "component_type": "kPartDocumentObject",
        "grounded": false,
        "suppressed": false,
        "visible": true,
        "adaptive": false,
        "flexible": false,
        "dof_translation": 0,
        "dof_rotation": 0,
        "fully_constrained": true,
        "transform": {
          "rotation_matrix": [
            [
              -0.99999999999999956,
              2.8487184275279022E-15,
              2.5023090256662612E-16
            ],
            [
              2.2204460492503146E-16,
              -2.5514691886146133E-15,
              1.0000000000000007
            ],
            [
              1.2388950418214275E-15,
              1.0000000000000002,
              6.7983408084044077E-16
            ]
          ],
          "translation_cm": [
            4.999999999999968,
            19.099999999999959,
            39.400000000000155
          ]
        }
      },
      {
        "node_id": "1092902697-M4:1",
        "file_name": "C:\\Users\\hrish\\Downloads\\Assemblies for Training ML model\\Assembly 52\\Workspaces\\1092902697\\1092902697-M4.ipt",
        "component_type": "kPartDocumentObject",
        "grounded": false,
        "suppressed": false,
        "visible": true,
        "adaptive": false,
        "flexible": false,
        "dof_translation": 0,
        "dof_rotation": 0,
        "fully_constrained": true,
        "transform": {
          "rotation_matrix": [
            [
              3.6729068213125438E-31,
              1.0000000000000009,
              -1.0693410512021348E-15
            ],
            [
              -7.6853852838200892E-32,
              5.8813999996704862E-17,
              1.0
            ],
            [
              1.0000000000000031,
              1.9984014443252814E-15,
              4.2200739866406593E-16
            ]
          ],
          "translation_cm": [
            -1.0233635999425195E-15,
            17.400000000000002,
            4.6999999999999567
          ]
        }
      },
      {
        "node_id": "1092902697-M13:1",
        "file_name": "C:\\Users\\hrish\\Downloads\\Assemblies for Training ML model\\Assembly 52\\Workspaces\\1092902697\\1092902697-M13.ipt",
        "component_type": "kPartDocumentObject",
        "grounded": false,
        "suppressed": false,
        "visible": true,
        "adaptive": false,
        "flexible": false,
        "dof_translation": 0,
        "dof_rotation": 0,
        "fully_constrained": true,
        "transform": {
          "rotation_matrix": [
            [
              6.1232339957367537E-17,
              2.2742044562169235E-31,
              0.99999999999999778
            ],
            [
              -0.99999999999999778,
              -1.1447761069210843E-25,
              6.1232339957367537E-17
            ],
            [
              1.14477417226427E-25,
              -1.0000000000000029,
              -1.7881620688816056E-36
            ]
          ],
          "translation_cm": [
            8.8817841970012543E-16,
            -3.5527136788005009E-15,
            -0.19999999999999704
          ]
        }
      },
      {
        "node_id": "1092902697-M8:1",
        "file_name": "C:\\Users\\hrish\\Downloads\\Assemblies for Training ML model\\Assembly 52\\Workspaces\\1092902697\\1092902697-M8.ipt",
        "component_type": "kPartDocumentObject",
        "grounded": false,
        "suppressed": false,
        "visible": true,
        "adaptive": false,
        "flexible": false,
        "dof_translation": 0,
        "dof_rotation": 0,
        "fully_constrained": true,
        "transform": {
          "rotation_matrix": [
            [
              1.2246467991471917E-16,
              8.27688272218299E-15,
              -1.0
            ],
            [
              -1.6027620459671179E-15,
              0.99999999999999067,
              6.1232339957366E-17
            ],
            [
              0.99999999999997891,
              6.7983408084042184E-16,
              3.2455385265492579E-16
            ]
          ],
          "translation_cm": [
            1.2090297789135348E-13,
            14.499999999999867,
            -14.099999999999376
          ]
        }
      },
      {
        "node_id": "1092902697-M7:1",
        "file_name": "C:\\Users\\hrish\\Downloads\\Assemblies for Training ML model\\Assembly 52\\Workspaces\\1092902697\\1092902697-M7.ipt",
        "component_type": "kPartDocumentObject",
        "grounded": false,
        "suppressed": false,
        "visible": true,
        "adaptive": false,
        "flexible": false,
        "dof_translation": 0,
        "dof_rotation": 0,
        "fully_constrained": true,
        "transform": {
          "rotation_matrix": [
            [
              3.26111417984372E-14,
              -1.0000000000000016,
              1.89790925323648E-14
            ],
            [
              -1.6027620459672676E-15,
              6.1232339957325013E-17,
              -1.0000000000000429
            ],
            [
              1.0000000000000724,
              3.0280706418879029E-14,
              5.5046391082105176E-15
            ]
          ],
          "translation_cm": [
            1.3331830197462894E-13,
            15.999999999999924,
            -14.099999999999376
          ]
        }
      },
      {
        "node_id": "1092902697-M1:1",
        "file_name": "C:\\Users\\hrish\\Downloads\\Assemblies for Training ML model\\Assembly 52\\Workspaces\\1092902697\\1092902697-M1.ipt",
        "component_type": "kPartDocumentObject",
        "grounded": false,
        "suppressed": false,
        "visible": true,
        "adaptive": false,
        "flexible": false,
        "dof_translation": 0,
        "dof_rotation": 0,
        "fully_constrained": true,
        "transform": {
          "rotation_matrix": [
            [
              0.50000000000014866,
              0.70710678118654546,
              -0.5000000000000997
            ],
            [
              -0.50000000000014178,
              0.70710678118656889,
              0.50000000000009248
            ],
            [
              0.70710678118661452,
              -3.3466475471380411E-15,
              0.70710678118668224
            ]
          ],
          "translation_cm": [
            -11.289622997145644,
            11.289622997145647,
            10.115937956642519
          ]
        }
      },
      {
        "node_id": "1092902697-M14:1",
        "file_name": "C:\\Users\\hrish\\Downloads\\Assemblies for Training ML model\\Assembly 52\\Workspaces\\1092902697\\1092902697-M14.ipt",
        "component_type": "kPartDocumentObject",
        "grounded": false,
        "suppressed": false,
        "visible": true,
        "adaptive": false,
        "flexible": false,
        "dof_translation": 0,
        "dof_rotation": 0,
        "fully_constrained": true,
        "transform": {
          "rotation_matrix": [
            [
              1.0,
              -6.1940723101694361E-16,
              -3.5761493156563316E-16
            ],
            [
              7.1522986313128221E-16,
              0.86602540378443993,
              0.49999999999999833
            ],
            [
              4.0116846224637409E-30,
              -0.49999999999999833,
              0.86602540378443993
            ]
          ],
          "translation_cm": [
            -1.9999999999999991,
            -12.178012701892207,
            -12.402212356943219
          ]
        }
      },
      {
        "node_id": "1092902697-M11:1",
        "file_name": "C:\\Users\\hrish\\Downloads\\Assemblies for Training ML model\\Assembly 52\\Workspaces\\1092902697\\1092902697-M11.ipt",
        "component_type": "kPartDocumentObject",
        "grounded": false,
        "suppressed": false,
        "visible": true,
        "adaptive": false,
        "flexible": false,
        "dof_translation": 0,
        "dof_rotation": 0,
        "fully_constrained": true,
        "transform": {
          "rotation_matrix": [
            [
              -9.9795328056190454E-17,
              6.543854458148946E-31,
              -0.99999999999999023
            ],
            [
              0.9999999999999899,
              2.2456958457364878E-15,
              -4.8837338667499937E-16
            ],
            [
              4.80658409983069E-15,
              -0.999999999999992,
              -1.614505165643561E-15
            ]
          ],
          "translation_cm": [
            -5.749999999999944,
            -13.469999999999985,
            -16.699999999999537
          ]
        }
      },
      {
        "node_id": "1092902697-M14:2",
        "file_name": "C:\\Users\\hrish\\Downloads\\Assemblies for Training ML model\\Assembly 52\\Workspaces\\1092902697\\1092902697-M14.ipt",
        "component_type": "kPartDocumentObject",
        "grounded": false,
        "suppressed": false,
        "visible": true,
        "adaptive": false,
        "flexible": false,
        "dof_translation": 0,
        "dof_rotation": 0,
        "fully_constrained": true,
        "transform": {
          "rotation_matrix": [
            [
              -0.50000000000000044,
              -0.75000000000000089,
              -0.43301270189221786
            ],
            [
              0.86602540378443849,
              -0.43301270189221913,
              -0.2500000000000015
            ],
            [
              2.0539125955565396E-15,
              -0.49999999999999939,
              0.86602540378443915
            ]
          ],
          "translation_cm": [
            11.546468367448227,
            4.356955543377218,
            -12.402212356943203
          ]
        }
      },
      {
        "node_id": "1092902697-M11:2",
        "file_name": "C:\\Users\\hrish\\Downloads\\Assemblies for Training ML model\\Assembly 52\\Workspaces\\1092902697\\1092902697-M11.ipt",
        "component_type": "kPartDocumentObject",
        "grounded": false,
        "suppressed": false,
        "visible": true,
        "adaptive": false,
        "flexible": false,
        "dof_translation": 0,
        "dof_rotation": 0,
        "fully_constrained": true,
        "transform": {
          "rotation_matrix": [
            [
              -0.86602540378443,
              -1.9448296515809736E-15,
              0.49999999999999534
            ],
            [
              -0.49999999999999489,
              1.1840802629400935E-15,
              -0.86602540378443027
            ],
            [
              3.6531200069265195E-15,
              -0.999999999999992,
              -3.6123635792599234E-15
            ]
          ],
          "translation_cm": [
            14.540362188976337,
            1.7553539282395398,
            -16.699999999999438
          ]
        }
      },
      {
        "node_id": "1092902697-M14:3",
        "file_name": "C:\\Users\\hrish\\Downloads\\Assemblies for Training ML model\\Assembly 52\\Workspaces\\1092902697\\1092902697-M14.ipt",
        "component_type": "kPartDocumentObject",
        "grounded": false,
        "suppressed": false,
        "visible": true,
        "adaptive": false,
        "flexible": false,
        "dof_translation": 0,
        "dof_rotation": 0,
        "fully_constrained": true,
        "transform": {
          "rotation_matrix": [
            [
              -0.49999999999999961,
              0.75000000000000122,
              0.43301270189221797
            ],
            [
              -0.8660254037844386,
              -0.4330127018922183,
              -0.250000000000001
            ],
            [
              -2.1094237467877974E-15,
              -0.49999999999999939,
              0.86602540378443915
            ]
          ],
          "translation_cm": [
            -9.546468367448222,
            7.8210571585149751,
            -12.402212356943192
          ]
        }
      },
      {
        "node_id": "1092902697-M11:3",
        "file_name": "C:\\Users\\hrish\\Downloads\\Assemblies for Training ML model\\Assembly 52\\Workspaces\\1092902697\\1092902697-M11.ipt",
        "component_type": "kPartDocumentObject",
        "grounded": false,
        "suppressed": false,
        "visible": true,
        "adaptive": false,
        "flexible": false,
        "dof_translation": 0,
        "dof_rotation": 0,
        "fully_constrained": true,
        "transform": {
          "rotation_matrix": [
            [
              0.8660254037844296,
              1.9448296515809725E-15,
              0.49999999999999489
            ],
            [
              -0.49999999999999506,
              1.1840802629400912E-15,
              0.86602540378443027
            ],
            [
              3.6531200069265187E-15,
              -0.999999999999992,
              3.8335324797280015E-16
            ]
          ],
          "translation_cm": [
            -8.7903621889764079,
            11.714646071760455,
            -16.699999999999413
          ]
        }
      },
      {
        "node_id": "1092902697-M16:1",
        "file_name": "C:\\Users\\hrish\\Downloads\\Assemblies for Training ML model\\Assembly 52\\Workspaces\\1092902697\\1092902697-M16.ipt",
        "component_type": "kPartDocumentObject",
        "grounded": false,
        "suppressed": false,
        "visible": true,
        "adaptive": false,
        "flexible": false,
        "dof_translation": 0,
        "dof_rotation": 0,
        "fully_constrained": true,
        "transform": {
          "rotation_matrix": [
            [
              0.52991926423320324,
              0.84804809615642229,
              9.1730192524878537E-48
            ],
            [
              -0.84804809615642229,
              0.52991926423320324,
              1.3925595532481948E-47
            ],
            [
              1.3063518452407483E-32,
              2.0905999650153878E-32,
              1.0
            ]
          ],
          "translation_cm": [
            8.8817841970012563E-16,
            -3.5527136788005017E-15,
            51.29999999999994
          ]
        }
      },
      {
        "node_id": "1092902697-M17:1",
        "file_name": "C:\\Users\\hrish\\Downloads\\Assemblies for Training ML model\\Assembly 52\\Workspaces\\1092902697\\1092902697-M17.ipt",
        "component_type": "kPartDocumentObject",
        "grounded": false,
        "suppressed": false,
        "visible": true,
        "adaptive": false,
        "flexible": false,
        "dof_translation": 0,
        "dof_rotation": 0,
        "fully_constrained": true,
        "transform": {
          "rotation_matrix": [
            [
              0.69465837045900036,
              0.71933980033864842,
              6.1008783275126345E-17
            ],
            [
              -0.71933980033864842,
              0.69465837045900036,
              8.5623254834318886E-33
            ],
            [
              -4.2380261973585544E-17,
              -4.3886045980033389E-17,
              1.0000000000000002
            ]
          ],
          "translation_cm": [
            8.8817841970012523E-16,
            -3.5527136788005017E-15,
            36.199999999999946
          ]
        }
      },
      {
        "node_id": "1092902697-M18:1",
        "file_name": "C:\\Users\\hrish\\Downloads\\Assemblies for Training ML model\\Assembly 52\\Workspaces\\1092902697\\1092902697-M18.ipt",
        "component_type": "kPartDocumentObject",
        "grounded": false,
        "suppressed": false,
        "visible": true,
        "adaptive": false,
        "flexible": false,
        "dof_translation": 0,
        "dof_rotation": 0,
        "fully_constrained": true,
        "transform": {
          "rotation_matrix": [
            [
              1.0891891804611466E-16,
              9.9920072216254149E-16,
              0.99999999999996092
            ],
            [
              -0.99999999999996048,
              -7.7258666966247309E-15,
              -3.2544626633915122E-15
            ],
            [
              -2.8523489858911237E-16,
              -0.99999999999994083,
              1.0047518372857594E-14
            ]
          ],
          "translation_cm": [
            13.650000000000031,
            -12.60000000000028,
            45.800000000000182
          ]
        }
      },
      {
        "node_id": "1092902697-M19:1",
        "file_name": "C:\\Users\\hrish\\Downloads\\Assemblies for Training ML model\\Assembly 52\\Workspaces\\1092902697\\1092902697-M19.ipt",
        "component_type": "kPartDocumentObject",
        "grounded": false,
        "suppressed": false,
        "visible": true,
        "adaptive": false,
        "flexible": false,
        "dof_translation": 0,
        "dof_rotation": 0,
        "fully_constrained": true,
        "transform": {
          "rotation_matrix": [
            [
              -0.50000000000000122,
              1.922502664712593E-15,
              -0.86602540378443826
            ],
            [
              9.6125133235629828E-16,
              1.0,
              1.6649361464843795E-15
            ],
            [
              0.86602540378443826,
              -2.9446293378786377E-30,
              -0.50000000000000122
            ]
          ],
          "translation_cm": [
            12.128875749545406,
            -18.35,
            52.720792831649653
          ]
        }
      },
      {
        "node_id": "1092902695-M1:1",
        "file_name": "C:\\Users\\hrish\\Downloads\\Assemblies for Training ML model\\Assembly 52\\Workspaces\\1092902697\\1092902695-M1.ipt",
        "component_type": "kPartDocumentObject",
        "grounded": false,
        "suppressed": false,
        "visible": true,
        "adaptive": false,
        "flexible": false,
        "dof_translation": 0,
        "dof_rotation": 0,
        "fully_constrained": true,
        "transform": {
          "rotation_matrix": [
            [
              0.71933980033864875,
              2.6747726111206741E-15,
              -0.694658370458995
            ],
            [
              -0.694658370458995,
              -2.4996559140224345E-15,
              -0.71933980033864875
            ],
            [
              -3.6604772999778247E-15,
              1.0,
              5.9951197281263464E-17
            ]
          ],
          "translation_cm": [
            8.8817841970012484E-16,
            -3.5527136788005009E-15,
            59.499999999999943
          ]
        }
      },
      {
        "node_id": "1092902697-M15:1",
        "file_name": "C:\\Users\\hrish\\Downloads\\Assemblies for Training ML model\\Assembly 52\\Workspaces\\1092902697\\1092902697-M15.ipt",
        "component_type": "kPartDocumentObject",
        "grounded": false,
        "suppressed": false,
        "visible": true,
        "adaptive": false,
        "flexible": false,
        "dof_translation": 3,
        "dof_rotation": 3,
        "fully_constrained": false,
        "transform": {
          "rotation_matrix": [
            [
              -0.96592582628906842,
              -0.258819045102522,
              3.7449363934335569E-15
            ],
            [
              0.2588190451025224,
              -0.96592582628906642,
              -2.4996559140224266E-15
            ],
            [
              3.9798455276986791E-15,
              -2.0528177245908539E-15,
              0.99999999999999667
            ]
          ],
          "translation_cm": [
            12.048941655672378,
            -11.635527705188181,
            62.899999999999878
          ]
        }
      },
      {
        "node_id": "0300013103-M1:1",
        "file_name": "C:\\Users\\hrish\\Downloads\\Assemblies for Training ML model\\Assembly 52\\Workspaces\\1092902697\\0300013103-M1.ipt",
        "component_type": "kPartDocumentObject",
        "grounded": false,
        "suppressed": false,
        "visible": true,
        "adaptive": false,
        "flexible": false,
        "dof_translation": 3,
        "dof_rotation": 3,
        "fully_constrained": false,
        "transform": {
          "rotation_matrix": [
            [
              0.70710678118652792,
              0.70710678118652781,
              5.813646338782846E-15
            ],
            [
              -0.70710678118652837,
              0.7071067811865257,
              -5.9348113347309959E-16
            ],
            [
              -4.0480616882173513E-15,
              2.128640391882136E-16,
              1.0000000000000042
            ]
          ],
          "translation_cm": [
            12.048941655672376,
            -11.63552770518818,
            62.599999999999874
          ]
        }
      },
      {
        "node_id": "1092902697-M15:2",
        "file_name": "C:\\Users\\hrish\\Downloads\\Assemblies for Training ML model\\Assembly 52\\Workspaces\\1092902697\\1092902697-M15.ipt",
        "component_type": "kPartDocumentObject",
        "grounded": false,
        "suppressed": false,
        "visible": true,
        "adaptive": false,
        "flexible": false,
        "dof_translation": 0,
        "dof_rotation": 0,
        "fully_constrained": true,
        "transform": {
          "rotation_matrix": [
            [
              -0.49999999999999889,
              -0.86602540378443826,
              3.4314926785743548E-15
            ],
            [
              0.86602540378443993,
              -0.49999999999999772,
              -3.2563759814761073E-15
            ],
            [
              4.2514068542381828E-15,
              7.3597546008911674E-16,
              0.99999999999999667
            ]
          ],
          "translation_cm": [
            0.29232780782450796,
            -16.74744889386951,
            62.899999999999892
          ]
        }
      },
      {
        "node_id": "0300013103-M1:2",
        "file_name": "C:\\Users\\hrish\\Downloads\\Assemblies for Training ML model\\Assembly 52\\Workspaces\\1092902697\\0300013103-M1.ipt",
        "component_type": "kPartDocumentObject",
        "grounded": false,
        "suppressed": false,
        "visible": true,
        "adaptive": false,
        "flexible": false,
        "dof_translation": 0,
        "dof_rotation": 0,
        "fully_constrained": true,
        "transform": {
          "rotation_matrix": [
            [
              -3.8857805861880405E-16,
              0.9999999999999708,
              6.2421606226921191E-15
            ],
            [
              -0.99999999999997269,
              -1.7763568394002509E-15,
              -3.3713056986874241E-15
            ],
            [
              -2.8888441033460078E-15,
              -2.3380823679152306E-15,
              1.0000000000000042
            ]
          ],
          "translation_cm": [
            0.29232780782450263,
            -16.747448893869514,
            62.599999999999888
          ]
        }
      },
      {
        "node_id": "1092902697-M15:3",
        "file_name": "C:\\Users\\hrish\\Downloads\\Assemblies for Training ML model\\Assembly 52\\Workspaces\\1092902697\\1092902697-M15.ipt",
        "component_type": "kPartDocumentObject",
        "grounded": false,
        "suppressed": false,
        "visible": true,
        "adaptive": false,
        "flexible": false,
        "dof_translation": 0,
        "dof_rotation": 0,
        "fully_constrained": true,
        "transform": {
          "rotation_matrix": [
            [
              0.25881904510252268,
              -0.96592582628906665,
              2.6747726111206643E-15
            ],
            [
              0.96592582628906853,
              0.25881904510252235,
              -3.5698196963353089E-15
            ],
            [
              2.4714551375282489E-15,
              2.8999728878072447E-15,
              0.99999999999999667
            ]
          ],
          "translation_cm": [
            -11.635527705188162,
            -12.048941655672383,
            62.899999999999942
          ]
        }
      },
      {
        "node_id": "0300013103-M1:3",
        "file_name": "C:\\Users\\hrish\\Downloads\\Assemblies for Training ML model\\Assembly 52\\Workspaces\\1092902697\\0300013103-M1.ipt",
        "component_type": "kPartDocumentObject",
        "grounded": false,
        "suppressed": false,
        "visible": true,
        "adaptive": false,
        "flexible": false,
        "dof_translation": 0,
        "dof_rotation": 0,
        "fully_constrained": true,
        "transform": {
          "rotation_matrix": [
            [
              -0.70710678118652859,
              0.7071067811865257,
              4.5809473916700328E-15
            ],
            [
              -0.707106781186528,
              -0.70710678118652814,
              -5.6385296416846E-15
            ],
            [
              -2.6536198530649028E-16,
              -3.3221832556883144E-15,
              1.0000000000000042
            ]
          ],
          "translation_cm": [
            -11.635527705188167,
            -12.048941655672378,
            62.599999999999937
          ]
        }
      },
      {
        "node_id": "1092902697-M15:4",
        "file_name": "C:\\Users\\hrish\\Downloads\\Assemblies for Training ML model\\Assembly 52\\Workspaces\\1092902697\\1092902697-M15.ipt",
        "component_type": "kPartDocumentObject",
        "grounded": false,
        "suppressed": false,
        "visible": true,
        "adaptive": false,
        "flexible": false,
        "dof_translation": 0,
        "dof_rotation": 0,
        "fully_constrained": true,
        "transform": {
          "rotation_matrix": [
            [
              0.86602540378444,
              -0.499999999999998,
              1.918052543666975E-15
            ],
            [
              0.49999999999999906,
              0.86602540378443815,
              -3.2563759814761069E-15
            ],
            [
              -3.1733804715171959E-16,
              3.1715342143467472E-15,
              0.99999999999999667
            ]
          ],
          "translation_cm": [
            -16.747448893869489,
            -0.29232780782451151,
            62.899999999999977
          ]
        }
      },
      {
        "node_id": "0300013103-M1:4",
        "file_name": "C:\\Users\\hrish\\Downloads\\Assemblies for Training ML model\\Assembly 52\\Workspaces\\1092902697\\0300013103-M1.ipt",
        "component_type": "kPartDocumentObject",
        "grounded": false,
        "suppressed": false,
        "visible": true,
        "adaptive": false,
        "flexible": false,
        "dof_translation": 0,
        "dof_rotation": 0,
        "fully_constrained": true,
        "transform": {
          "rotation_matrix": [
            [
              -0.99999999999997269,
              -1.3322676295501829E-15,
              1.8031228264556987E-15
            ],
            [
              2.2204460492503155E-16,
              -0.9999999999999708,
              -6.06704392559387E-15
            ],
            [
              2.2855844217969517E-15,
              -2.1629656708169788E-15,
              1.0000000000000042
            ]
          ],
          "translation_cm": [
            -16.747448893869493,
            -0.2923278078245044,
            62.599999999999973
          ]
        }
      },
      {
        "node_id": "1092902697-M15:5",
        "file_name": "C:\\Users\\hrish\\Downloads\\Assemblies for Training ML model\\Assembly 52\\Workspaces\\1092902697\\1092902697-M15.ipt",
        "component_type": "kPartDocumentObject",
        "grounded": false,
        "suppressed": false,
        "visible": true,
        "adaptive": false,
        "flexible": false,
        "dof_translation": 0,
        "dof_rotation": 0,
        "fully_constrained": true,
        "transform": {
          "rotation_matrix": [
            [
              0.96592582628906842,
              0.25881904510252191,
              1.6046088288077733E-15
            ],
            [
              -0.25881904510252229,
              0.96592582628906642,
              -2.4996559140224168E-15
            ],
            [
              -2.4813354748698516E-15,
              1.3915824976368163E-15,
              0.99999999999999667
            ]
          ],
          "translation_cm": [
            -12.048941655672353,
            11.635527705188156,
            62.899999999999991
          ]
        }
      },
      {
        "node_id": "0300013103-M1:5",
        "file_name": "C:\\Users\\hrish\\Downloads\\Assemblies for Training ML model\\Assembly 52\\Workspaces\\1092902697\\0300013103-M1.ipt",
        "component_type": "kPartDocumentObject",
        "grounded": false,
        "suppressed": false,
        "visible": true,
        "adaptive": false,
        "flexible": false,
        "dof_translation": 0,
        "dof_rotation": 0,
        "fully_constrained": true,
        "transform": {
          "rotation_matrix": [
            [
              -0.707106781186528,
              -0.7071067811865277,
              -4.6410111654147482E-16
            ],
            [
              0.70710678118652825,
              -0.70710678118652581,
              -4.4058306945717865E-15
            ],
            [
              3.2696853095700414E-15,
              4.6051644722253483E-16,
              1.0000000000000042
            ]
          ],
          "translation_cm": [
            -12.048941655672358,
            11.635527705188155,
            62.599999999999987
          ]
        }
      },
      {
        "node_id": "1092902697-M15:6",
        "file_name": "C:\\Users\\hrish\\Downloads\\Assemblies for Training ML model\\Assembly 52\\Workspaces\\1092902697\\1092902697-M15.ipt",
        "component_type": "kPartDocumentObject",
        "grounded": false,
        "suppressed": false,
        "visible": true,
        "adaptive": false,
        "flexible": false,
        "dof_translation": 0,
        "dof_rotation": 0,
        "fully_constrained": true,
        "transform": {
          "rotation_matrix": [
            [
              0.49999999999999889,
              0.86602540378443826,
              1.9180525436669754E-15
            ],
            [
              -0.86602540378443993,
              0.49999999999999772,
              -1.7429358465687271E-15
            ],
            [
              -2.752896801409356E-15,
              -1.397210687043146E-15,
              0.99999999999999667
            ]
          ],
          "translation_cm": [
            -0.29232780782448309,
            16.747448893869489,
            62.899999999999984
          ]
        }
      },
      {
        "node_id": "0300013103-M1:6",
        "file_name": "C:\\Users\\hrish\\Downloads\\Assemblies for Training ML model\\Assembly 52\\Workspaces\\1092902697\\0300013103-M1.ipt",
        "component_type": "kPartDocumentObject",
        "grounded": false,
        "suppressed": false,
        "visible": true,
        "adaptive": false,
        "flexible": false,
        "dof_translation": 0,
        "dof_rotation": 0,
        "fully_constrained": true,
        "transform": {
          "rotation_matrix": [
            [
              2.7755575615628391E-16,
              -0.99999999999997047,
