{
  "assembly_metadata": {
    "assembly_name": "1094892017-M1.iam",
    "full_file_name": "C:\\Users\\hrish\\Downloads\\Assemblies for Training ML model\\Assembly 67\\Workspaces\\1094892017-M1\\1094892017-M1.iam",
    "internal_name": "{35CDCB65-4258-CB2A-4E04-E183CED34618}",
    "total_occurrences": 122,
    "total_constraints": 134
  },
  "physics": {
    "mass_kg": 137.94540383468728,
    "center_of_mass": [
      -3.1319688211148984,
      -3.6926369823472323,
      2.6501632251753722
    ],
    "inertia_tensor": [
      427395.32013860642,
      221553.62489560363,
      507439.55271589651,
      -302.72227280220926,
      3982.04827931293,
      -494.20638703405416
    ]
  },
  "assembly_graph": {
    "nodes": [
      {
        "node_id": "1094892017-M3.iam:1",
        "file_name": "C:\\Users\\hrish\\Downloads\\Assemblies for Training ML model\\Assembly 67\\Workspaces\\1094892017-M1\\1094892017-M3.iam",
        "component_type": "kAssemblyDocumentObject",
        "grounded": true,
        "suppressed": false,
        "visible": true,
        "adaptive": false,
        "flexible": false,
        "dof_translation": 0,
        "dof_rotation": 0,
        "fully_constrained": false,
        "transform": {
          "rotation_matrix": [
            [
              1.0,
              -4.4373425918673979E-31,
              1.1201427500148043E-59
            ],
            [
              4.4373425918673979E-31,
              1.0,
              -2.5243548967072355E-29
            ],
            [
              0.0,
              2.5243548967072355E-29,
              1.0
            ]
          ],
          "translation_cm": [
            -1.3152275696371087,
            -0.22048640985298107,
            -20.772289744150903
          ]
        }
      },
      {
        "node_id": "1094892017-M3.iam:1/1094892017-M11.ipt:1",
        "file_name": "C:\\Users\\hrish\\Downloads\\Assemblies for Training ML model\\Assembly 67\\Workspaces\\1094892017-M1\\1094892017-M11.ipt",
        "component_type": "kPartDocumentObject",
        "grounded": true,
        "suppressed": false,
        "visible": true,
        "adaptive": true,
        "flexible": false,
        "dof_translation": 0,
        "dof_rotation": 0,
        "fully_constrained": false,
        "transform": {
          "rotation_matrix": [
            [
              0.99999999999999989,
              5.42341872339525E-31,
              2.5153490401663722E-14
            ],
            [
              5.5552725995076823E-43,
              1.0,
              -2.2088105346188294E-29
            ],
            [
              -2.5153490401663668E-14,
              -2.2420775429197073E-44,
              0.99999999999999989
            ]
          ],
          "translation_cm": [
            -1.3152275696371087,
            -0.22048640985300949,
            -20.772289744150932
          ]
        }
      },
      {
        "node_id": "1094892017-M3.iam:1/1094892017-M15.ipt:2",
        "file_name": "C:\\Users\\hrish\\Downloads\\Assemblies for Training ML model\\Assembly 67\\Workspaces\\1094892017-M1\\1094892017-M15.ipt",
        "component_type": "kPartDocumentObject",
        "grounded": false,
        "suppressed": false,
        "visible": true,
        "adaptive": false,
        "flexible": false,
        "dof_translation": 0,
        "dof_rotation": 0,
        "fully_constrained": true,
        "transform": {
          "rotation_matrix": [
            [
              -1.0000000000000002,
              5.5511151231136855E-16,
              -2.4979226907807509E-14
            ],
            [
              -2.7755575615034461E-17,
              1.0000000000000002,
              4.72746249715983E-16
            ],
            [
              2.5153490401663678E-14,
              -1.4661141701602436E-29,
              -0.99999999999999978
            ]
          ],
          "translation_cm": [
            30.134772430362915,
            -35.220486409853009,
            -18.972289744151723
          ]
        }
      },
      {
        "node_id": "1094892017-M3.iam:1/1094892017-M15.ipt:3",
        "file_name": "C:\\Users\\hrish\\Downloads\\Assemblies for Training ML model\\Assembly 67\\Workspaces\\1094892017-M1\\1094892017-M15.ipt",
        "component_type": "kPartDocumentObject",
        "grounded": false,
        "suppressed": false,
        "visible": true,
        "adaptive": false,
        "flexible": false,
        "dof_translation": 0,
        "dof_rotation": 0,
        "fully_constrained": true,
        "transform": {
          "rotation_matrix": [
            [
              -0.381609994451038,
              0.92432343480790191,
              -1.5554667069060556E-14
            ],
            [
              0.92432343480790191,
              0.381609994451038,
              1.9399847720615613E-29
            ],
            [
              5.9358164139119409E-15,
              -1.4377543292567417E-14,
              -1.0
            ]
          ],
          "translation_cm": [
            15.134772430362911,
            39.179513590146996,
            -18.972289744151347
          ]
        }
      },
      {
        "node_id": "1094892017-M3.iam:1/1094892017-M15.ipt:4",
        "file_name": "C:\\Users\\hrish\\Downloads\\Assemblies for Training ML model\\Assembly 67\\Workspaces\\1094892017-M1\\1094892017-M15.ipt",
        "component_type": "kPartDocumentObject",
        "grounded": false,
        "suppressed": false,
        "visible": true,
        "adaptive": false,
        "flexible": false,
        "dof_translation": 0,
        "dof_rotation": 0,
        "fully_constrained": true,
        "transform": {
          "rotation_matrix": [
            [
              -1.0000000000000018,
              1.1102230246224937E-15,
              -2.5810116782355653E-14
            ],
            [
              1.6653345369485331E-16,
              1.0000000000000018,
              4.1418430150731028E-16
            ],
            [
              2.5153490401663715E-14,
              -2.373708656447852E-29,
              -0.99999999999999911
            ]
          ],
          "translation_cm": [
            15.134772430362922,
            -35.220486409853009,
            -18.972289744151347
          ]
        }
      },
      {
        "node_id": "1094892017-M3.iam:1/1094892017-M15.ipt:5",
        "file_name": "C:\\Users\\hrish\\Downloads\\Assemblies for Training ML model\\Assembly 67\\Workspaces\\1094892017-M1\\1094892017-M15.ipt",
        "component_type": "kPartDocumentObject",
        "grounded": false,
        "suppressed": false,
        "visible": true,
        "adaptive": false,
        "flexible": false,
        "dof_translation": 0,
        "dof_rotation": 0,
        "fully_constrained": true,
        "transform": {
          "rotation_matrix": [
            [
              -1.0000000000000002,
              5.5511151231265666E-17,
              -2.5153490401663643E-14
            ],
            [
              5.5511151231413972E-17,
              1.0000000000000002,
              -3.7743125532771709E-29
            ],
            [
              2.5153490401663678E-14,
              3.7246513181753638E-42,
              -1.0
            ]
          ],
          "translation_cm": [
            30.134772430362919,
            39.179513590146989,
            -18.972289744151723
          ]
        }
      },
      {
        "node_id": "1094892017-M3.iam:1/1094892017-M18.ipt:6",
        "file_name": "C:\\Users\\hrish\\Downloads\\Assemblies for Training ML model\\Assembly 67\\Workspaces\\1094892017-M1\\1094892017-M18.ipt",
        "component_type": "kPartDocumentObject",
        "grounded": false,
        "suppressed": false,
        "visible": true,
        "adaptive": false,
        "flexible": false,
        "dof_translation": 0,
        "dof_rotation": 0,
        "fully_constrained": true,
        "transform": {
          "rotation_matrix": [
            [
              -2.4825909305478571E-14,
              -4.7085135280365942E-30,
              0.99999999999999345
            ],
            [
              -1.4299136315356682E-15,
              0.99999999999999478,
              -3.885780586197921E-16
            ],
            [
              -0.99999999999999578,
              -2.1579248598064739E-16,
              -2.5439957065365767E-14
            ]
          ],
          "translation_cm": [
            -48.615227569637121,
            -77.020486409852992,
            -22.272289744149774
          ]
        }
      },
      {
        "node_id": "1094892017-M3.iam:1/1094892017-M9.ipt:7",
        "file_name": "C:\\Users\\hrish\\Downloads\\Assemblies for Training ML model\\Assembly 67\\Workspaces\\1094892017-M1\\1094892017-M9.ipt",
        "component_type": "kPartDocumentObject",
        "grounded": false,
        "suppressed": false,
        "visible": true,
        "adaptive": false,
        "flexible": false,
        "dof_translation": 0,
        "dof_rotation": 0,
        "fully_constrained": true,
        "transform": {
          "rotation_matrix": [
            [
              2.4764676965521162E-14,
              -1.000000000000008,
              5.4280593890579328E-18
            ],
            [
              1.2408889023028401E-15,
              -3.1712026955843868E-15,
              -1.0000000000000022
            ],
            [
              0.99999999999999412,
              2.4565397859727406E-14,
              -9.5180157133184522E-16
            ]
          ],
          "translation_cm": [
            40.08477243036355,
            6.6795135901470966,
            -22.272289744151941
          ]
        }
      },
      {
        "node_id": "1094892017-M3.iam:1/1094892017-M8.ipt:8",
        "file_name": "C:\\Users\\hrish\\Downloads\\Assemblies for Training ML model\\Assembly 67\\Workspaces\\1094892017-M1\\1094892017-M8.ipt",
        "component_type": "kPartDocumentObject",
        "grounded": false,
        "suppressed": false,
        "visible": true,
        "adaptive": false,
        "flexible": false,
        "dof_translation": 0,
        "dof_rotation": 0,
        "fully_constrained": true,
        "transform": {
          "rotation_matrix": [
            [
              -2.4577741805856457E-14,
              -4.753555784447754E-17,
              -0.99999999999999833
            ],
            [
              -1.3994921915350064E-15,
              -0.99999999999999745,
              4.7535557844515122E-17
            ],
            [
              -0.99999999999999567,
              1.3994921915347594E-15,
              2.4577741805856343E-14
            ]
          ],
          "translation_cm": [
            3.8847724303628088,
            76.679513590146826,
            -22.2722897441512
          ]
        }
      },
      {
        "node_id": "1094892017-M3.iam:1/1094892017-M10.ipt:9",
        "file_name": "C:\\Users\\hrish\\Downloads\\Assemblies for Training ML model\\Assembly 67\\Workspaces\\1094892017-M1\\1094892017-M10.ipt",
        "component_type": "kPartDocumentObject",
        "grounded": false,
        "suppressed": false,
        "visible": true,
        "adaptive": false,
        "flexible": false,
        "dof_translation": 0,
        "dof_rotation": 0,
        "fully_constrained": true,
        "transform": {
          "rotation_matrix": [
            [
              -2.488714164543615E-14,
              1.1241008124330347E-15,
              0.99999999999999922
            ],
            [
              -2.7921159859017038E-16,
              1.0000000000000018,
              2.3329734246070027E-31
            ],
            [
              -1.000000000000004,
              6.59832028418122E-17,
              -2.7331028001880363E-14
            ]
          ],
          "translation_cm": [
            4.2847724303628656,
            -77.120486409853044,
            -22.272289744151141
          ]
        }
      },
      {
        "node_id": "1094892017-M3.iam:1/1094892017-M16.ipt:10",
        "file_name": "C:\\Users\\hrish\\Downloads\\Assemblies for Training ML model\\Assembly 67\\Workspaces\\1094892017-M1\\1094892017-M16.ipt",
        "component_type": "kPartDocumentObject",
        "grounded": false,
        "suppressed": false,
        "visible": true,
        "adaptive": false,
        "flexible": false,
        "dof_translation": 0,
        "dof_rotation": 0,
        "fully_constrained": true,
        "transform": {
          "rotation_matrix": [
            [
              1.0,
              2.2619332146888678E-18,
              -2.2619332146892992E-18
            ],
            [
              2.2619332146893115E-18,
              -5.4985172186281107E-15,
              1.0
            ],
            [
              2.2619332146888555E-18,
              -1.0,
              -5.4985172186281107E-15
            ]
          ],
          "translation_cm": [
            -45.915227569635789,
            73.479513590147263,
            28.827710255850143
          ]
        }
      },
      {
        "node_id": "1094892017-M3.iam:1/1094892017-M16.ipt:11",
        "file_name": "C:\\Users\\hrish\\Downloads\\Assemblies for Training ML model\\Assembly 67\\Workspaces\\1094892017-M1\\1094892017-M16.ipt",
        "component_type": "kPartDocumentObject",
        "grounded": false,
        "suppressed": false,
        "visible": true,
        "adaptive": false,
        "flexible": false,
        "dof_translation": 0,
        "dof_rotation": 0,
        "fully_constrained": true,
        "transform": {
          "rotation_matrix": [
            [
              -0.9659172669241296,
              -0.25885098697478726,
              -2.2619332146886983E-18
            ],
            [
              -1.4254814492884295E-15,
              5.3105272203074416E-15,
              1.0
            ],
            [
              -0.25885098697478726,
              0.9659172669241296,
              -5.4985172186281091E-15
            ]
          ],
          "translation_cm": [
            -45.91522756963694,
            73.479513590147008,
            -18.072289744149838
          ]
        }
      },
      {
        "node_id": "1094892017-M3.iam:1/1094892017-M16.ipt:12",
        "file_name": "C:\\Users\\hrish\\Downloads\\Assemblies for Training ML model\\Assembly 67\\Workspaces\\1094892017-M1\\1094892017-M16.ipt",
        "component_type": "kPartDocumentObject",
        "grounded": false,
        "suppressed": false,
        "visible": true,
        "adaptive": false,
        "flexible": false,
        "dof_translation": 0,
        "dof_rotation": 0,
        "fully_constrained": true,
        "transform": {
          "rotation_matrix": [
            [
              1.0,
              2.2619332146888678E-18,
              -2.2619332146892992E-18
            ],
            [
              2.2619332146893115E-18,
              -5.4985172186281107E-15,
              1.0
            ],
            [
              2.2619332146888555E-18,
              -1.0,
              -5.4985172186281107E-15
            ]
          ],
          "translation_cm": [
            43.284772430362985,
            73.479513590147008,
            -18.072289744152084
          ]
        }
      },
      {
        "node_id": "1094892017-M3.iam:1/1094892017-M16.ipt:13",
        "file_name": "C:\\Users\\hrish\\Downloads\\Assemblies for Training ML model\\Assembly 67\\Workspaces\\1094892017-M1\\1094892017-M16.ipt",
        "component_type": "kPartDocumentObject",
        "grounded": false,
        "suppressed": false,
        "visible": true,
        "adaptive": false,
        "flexible": false,
        "dof_translation": 0,
        "dof_rotation": 0,
        "fully_constrained": true,
        "transform": {
          "rotation_matrix": [
            [
              1.0,
              2.2619332146888678E-18,
              -2.2619332146892992E-18
            ],
            [
              2.2619332146893115E-18,
              -5.4985172186281107E-15,
              1.0
            ],
            [
              2.2619332146888555E-18,
              -1.0,
              -5.4985172186281107E-15
            ]
          ],
          "translation_cm": [
            43.284772430364164,
            73.479513590147263,
            28.827710255847897
          ]
        }
      },
      {
        "node_id": "1094892017-M3.iam:1/1094892017-M15.ipt:14",
        "file_name": "C:\\Users\\hrish\\Downloads\\Assemblies for Training ML model\\Assembly 67\\Workspaces\\1094892017-M1\\1094892017-M15.ipt",
        "component_type": "kPartDocumentObject",
        "grounded": false,
        "suppressed": false,
        "visible": true,
        "adaptive": false,
        "flexible": false,
        "dof_translation": 0,
        "dof_rotation": 0,
        "fully_constrained": true,
        "transform": {
          "rotation_matrix": [
            [
              -1.0000000000000004,
              -2.7755575615641851E-16,
              2.5450262569417344E-14
            ],
            [
              1.1102230246287725E-16,
              -1.0000000000000007,
              -5.5087162851556933E-17
            ],
            [
              2.5153490401663684E-14,
              4.1888976290363918E-30,
              1.0
            ]
          ],
          "translation_cm": [
            -43.815227569637081,
            71.279513590146962,
            -20.572289744149863
          ]
        }
      },
      {
        "node_id": "1094892017-M3.iam:1/1094892017-M15.ipt:15",
        "file_name": "C:\\Users\\hrish\\Downloads\\Assemblies for Training ML model\\Assembly 67\\Workspaces\\1094892017-M1\\1094892017-M15.ipt",
        "component_type": "kPartDocumentObject",
        "grounded": false,
        "suppressed": false,
        "visible": true,
        "adaptive": false,
        "flexible": false,
        "dof_translation": 0,
        "dof_rotation": 0,
        "fully_constrained": true,
        "transform": {
          "rotation_matrix": [
            [
              -0.99999999999999956,
              -5.7287000498482526E-28,
              2.5022075471851018E-14
            ],
            [
              -1.1102230246183689E-16,
              -0.99999999999999933,
              -1.0285542525721349E-16
            ],
            [
              2.5153490401663659E-14,
              2.7925984193588351E-30,
              1.0
            ]
          ],
          "translation_cm": [
            -1.3152275696371036,
            71.279513590147019,
            -20.572289744150932
          ]
        }
      },
      {
        "node_id": "1094892017-M3.iam:1/1094892017-M15.ipt:16",
        "file_name": "C:\\Users\\hrish\\Downloads\\Assemblies for Training ML model\\Assembly 67\\Workspaces\\1094892017-M1\\1094892017-M15.ipt",
        "component_type": "kPartDocumentObject",
        "grounded": false,
        "suppressed": false,
        "visible": true,
        "adaptive": false,
        "flexible": false,
        "dof_translation": 0,
        "dof_rotation": 0,
        "fully_constrained": true,
        "transform": {
          "rotation_matrix": [
            [
              -0.99999999999999867,
              1.1102230246251553E-16,
              2.5201632590683318E-14
            ],
            [
              -5.55111512312586E-17,
              -0.99999999999999878,
              -1.2978259897061118E-16
            ],
            [
              2.5153490401663624E-14,
              -1.3962992096807068E-30,
              0.99999999999999989
            ]
          ],
          "translation_cm": [
            -43.815227569637081,
            -0.7204864098530166,
            -20.572289744149863
          ]
        }
      },
      {
        "node_id": "1094892017-M3.iam:1/1094892017-M15.ipt:17",
        "file_name": "C:\\Users\\hrish\\Downloads\\Assemblies for Training ML model\\Assembly 67\\Workspaces\\1094892017-M1\\1094892017-M15.ipt",
        "component_type": "kPartDocumentObject",
        "grounded": false,
        "suppressed": false,
        "visible": true,
        "adaptive": false,
        "flexible": false,
        "dof_translation": 0,
        "dof_rotation": 0,
        "fully_constrained": true,
        "transform": {
          "rotation_matrix": [
            [
              1.0000000000000007,
              3.3306690738752961E-16,
              -1.1634739219214046E-16
            ],
            [
              4.9960036108133819E-16,
              0.99999999999999944,
              3.4180420733038334E-17
            ],
            [
              1.3877787807814435E-16,
              3.6977854932747804E-32,
              0.99999999999999978
            ]
          ],
          "translation_cm": [
            41.184772430362855,
            -0.720486409853013,
            -20.572289744152002
          ]
        }
      },
      {
        "node_id": "1094892017-M3.iam:1/1094892017-M15.ipt:18",
        "file_name": "C:\\Users\\hrish\\Downloads\\Assemblies for Training ML model\\Assembly 67\\Workspaces\\1094892017-M1\\1094892017-M15.ipt",
        "component_type": "kPartDocumentObject",
        "grounded": false,
        "suppressed": false,
        "visible": true,
        "adaptive": false,
        "flexible": false,
        "dof_translation": 0,
        "dof_rotation": 0,
        "fully_constrained": true,
        "transform": {
          "rotation_matrix": [
            [
              0.99999999999999967,
              5.5511151231283391E-17,
              6.027110851188262E-16
            ],
            [
              1.1102230246249223E-16,
              1.0,
              -8.4072813992418425E-17
            ],
            [
              -5.2735593669694936E-16,
              2.8866748365091232E-43,
              1.0000000000000002
            ]
          ],
          "translation_cm": [
            41.184772430362855,
            -62.720486409853031,
            -20.572289744152002
          ]
        }
      },
      {
        "node_id": "1094892017-M3.iam:1/1094892017-M15.ipt:19",
        "file_name": "C:\\Users\\hrish\\Downloads\\Assemblies for Training ML model\\Assembly 67\\Workspaces\\1094892017-M1\\1094892017-M15.ipt",
        "component_type": "kPartDocumentObject",
        "grounded": false,
        "suppressed": false,
        "visible": true,
        "adaptive": false,
        "flexible": false,
        "dof_translation": 0,
        "dof_rotation": 0,
        "fully_constrained": true,
        "transform": {
          "rotation_matrix": [
            [
              -0.46184692884101847,
              -0.8869596463876569,
              3.3966971572300142E-14
            ],
            [
              0.88695964638765723,
              -0.46184692884101908,
              5.9012877087735334E-18
            ],
            [
              1.5710317034628422E-14,
              3.0171072646601146E-14,
              0.99999999999999967
            ]
          ],
          "translation_cm": [
            -43.815227569637081,
            -62.720486409853024,
            -20.572289744149863
          ]
        }
      },
      {
        "node_id": "1094892017-M3.iam:1/1094892017-M4.ipt:20",
        "file_name": "C:\\Users\\hrish\\Downloads\\Assemblies for Training ML model\\Assembly 67\\Workspaces\\1094892017-M1\\1094892017-M4.ipt",
        "component_type": "kPartDocumentObject",
        "grounded": false,
        "suppressed": false,
        "visible": true,
        "adaptive": false,
        "flexible": false,
        "dof_translation": 0,
        "dof_rotation": 0,
        "fully_constrained": true,
        "transform": {
          "rotation_matrix": [
            [
              -2.5153490401663678E-14,
              1.4746532210919551E-27,
              1.0
            ],
            [
              1.2621774483491104E-29,
              1.0,
              4.1464905385723432E-28
            ],
            [
              -1.0,
              -3.7117593723035755E-41,
              -2.5153490401663671E-14
            ]
          ],
          "translation_cm": [
            43.984772430362881,
            -56.720486409853009,
            -19.62228974415207
          ]
        }
      },
      {
        "node_id": "1094892017-M3.iam:1/1094892017-M4.ipt:21",
        "file_name": "C:\\Users\\hrish\\Downloads\\Assemblies for Training ML model\\Assembly 67\\Workspaces\\1094892017-M1\\1094892017-M4.ipt",
        "component_type": "kPartDocumentObject",
        "grounded": false,
        "suppressed": false,
        "visible": true,
        "adaptive": false,
        "flexible": false,
        "dof_translation": 0,
        "dof_rotation": 0,
        "fully_constrained": true,
        "transform": {
          "rotation_matrix": [
            [
              -2.5917952882493429E-14,
              6.6871999034804055E-28,
              0.99999999999999978
            ],
            [
              -1.5580002878135543E-29,
              0.99999999999999978,
              4.1464905385723423E-28
            ],
            [
              -1.0,
              -1.7353680182198535E-41,
              -2.5917952882493407E-14
            ]
          ],
          "translation_cm": [
            43.984772430362888,
            16.779513590146987,
            -19.622289744152106
          ]
        }
      },
      {
        "node_id": "1094892017-M3.iam:1/1094892017-M15.ipt:22",
        "file_name": "C:\\Users\\hrish\\Downloads\\Assemblies for Training ML model\\Assembly 67\\Workspaces\\1094892017-M1\\1094892017-M15.ipt",
        "component_type": "kPartDocumentObject",
        "grounded": false,
        "suppressed": false,
        "visible": true,
        "adaptive": false,
        "flexible": false,
        "dof_translation": 0,
        "dof_rotation": 0,
        "fully_constrained": true,
        "transform": {
          "rotation_matrix": [
            [
              -1.0000000000000009,
              -6.6613381477537565E-16,
              2.5324083559852126E-14
            ],
            [
              1.6653345369377989E-16,
              -1.0000000000000002,
              -4.1091934051272977E-17
            ],
            [
              2.51534904016637E-14,
              1.2566692887133631E-29,
              1.0000000000000004
            ]
          ],
          "translation_cm": [
            41.184772430362877,
            39.179513590146975,
            -20.572289744152002
          ]
        }
      },
      {
        "node_id": "1094892017-M3.iam:1/1094892017-M15.ipt:23",
        "file_name": "C:\\Users\\hrish\\Downloads\\Assemblies for Training ML model\\Assembly 67\\Workspaces\\1094892017-M1\\1094892017-M15.ipt",
        "component_type": "kPartDocumentObject",
        "grounded": false,
        "suppressed": false,
        "visible": true,
        "adaptive": false,
        "flexible": false,
        "dof_translation": 0,
        "dof_rotation": 0,
        "fully_constrained": true,
        "transform": {
          "rotation_matrix": [
            [
              -0.99999999999999956,
              -6.66133814775358E-16,
              2.5157039768920174E-14
            ],
            [
              2.4036297145336604E-28,
              -0.99999999999999978,
              8.4157101702692889E-16
            ],
            [
              2.5153490401663652E-14,
              1.6755590516169535E-29,
              0.99999999999999833
            ]
          ],
          "translation_cm": [
            -1.3152275696371036,
            39.17951359014701,
            -20.572289744150932
          ]
        }
      },
      {
        "node_id": "1094892017-M3.iam:1/1094892017-M15.ipt:24",
        "file_name": "C:\\Users\\hrish\\Downloads\\Assemblies for Training ML model\\Assembly 67\\Workspaces\\1094892017-M1\\1094892017-M15.ipt",
        "component_type": "kPartDocumentObject",
        "grounded": false,
        "suppressed": false,
        "visible": true,
        "adaptive": false,
        "flexible": false,
        "dof_translation": 0,
        "dof_rotation": 0,
        "fully_constrained": true,
        "transform": {
          "rotation_matrix": [
            [
              0.90438347099522154,
              0.42672067841931266,
              2.4589762838682574E-15
            ],
            [
              -0.42672067841931205,
              0.90438347099522032,
              3.9336956293346092E-16
            ],
            [
              -2.3382840847228324E-15,
              -1.1032866068107086E-15,
              0.99999999999999967
            ]
          ],
          "translation_cm": [
            -1.3152275696371083,
            -0.7204864098530166,
            -20.572289744150932
          ]
        }
      },
      {
        "node_id": "1094892017-M3.iam:1/1094892017-M4.ipt:25",
        "file_name": "C:\\Users\\hrish\\Downloads\\Assemblies for Training ML model\\Assembly 67\\Workspaces\\1094892017-M1\\1094892017-M4.ipt",
        "component_type": "kPartDocumentObject",
        "grounded": false,
        "suppressed": false,
        "visible": true,
        "adaptive": false,
        "flexible": false,
        "dof_translation": 0,
        "dof_rotation": 0,
        "fully_constrained": true,
        "transform": {
          "rotation_matrix": [
            [
              2.5153490401663697E-14,
              1.0000000000000002,
              -6.29465826503197E-29
            ],
            [
              1.8932661725304317E-29,
              4.044684974950171E-28,
              1.0000000000000002
            ],
            [
              1.0,
              -2.5153490401663671E-14,
              -3.5873240686715317E-43
            ]
          ],
          "translation_cm": [
            43.984772430362845,
            55.079513590146988,
            -20.572289744152084
          ]
        }
      },
      {
        "node_id": "1094892017-M3.iam:1/1094892017-M15.ipt:26",
        "file_name": "C:\\Users\\hrish\\Downloads\\Assemblies for Training ML model\\Assembly 67\\Workspaces\\1094892017-M1\\1094892017-M15.ipt",
        "component_type": "kPartDocumentObject",
        "grounded": false,
        "suppressed": false,
        "visible": true,
        "adaptive": false,
        "flexible": false,
        "dof_translation": 0,
        "dof_rotation": 0,
        "fully_constrained": true,
        "transform": {
          "rotation_matrix": [
            [
              -1.0,
              -3.6082248300434812E-16,
              -2.5329913378121613E-14
            ],
            [
              5.8680303828675056E-28,
              1.0000000000000002,
              -1.7038712934499044E-16
            ],
            [
              2.5153490401663671E-14,
              9.07594486296908E-30,
              -1.0000000000000002
            ]
          ],
          "translation_cm": [
            15.134772430362915,
            -28.820486409853004,
            -18.972289744151347
          ]
        }
      },
      {
        "node_id": "1094892017-M3.iam:1/1094892017-M15.ipt:27",
        "file_name": "C:\\Users\\hrish\\Downloads\\Assemblies for Training ML model\\Assembly 67\\Workspaces\\1094892017-M1\\1094892017-M15.ipt",
        "component_type": "kPartDocumentObject",
        "grounded": false,
        "suppressed": false,
        "visible": true,
        "adaptive": false,
        "flexible": false,
        "dof_translation": 0,
        "dof_rotation": 0,
        "fully_constrained": true,
        "transform": {
          "rotation_matrix": [
            [
              0.96817061222074718,
              0.25029116171391469,
              -4.9546728653841893E-14
            ],
            [
              0.25029116171391486,
              -0.96817061222074741,
              -6.1217245652543049E-16
            ],
            [
              -4.7950329891860364E-14,
              -1.2396104180099583E-14,
              -0.99999999999999956
            ]
          ],
          "translation_cm": [
            30.134772430362965,
            -28.820486409853007,
            -18.972289744151723
          ]
        }
      },
      {
        "node_id": "1094892017-M48.iam:2",
        "file_name": "C:\\Users\\hrish\\Downloads\\Assemblies for Training ML model\\Assembly 67\\Workspaces\\1094892017-M1\\1094892017-M48.iam",
        "component_type": "kAssemblyDocumentObject",
        "grounded": false,
        "suppressed": false,
        "visible": true,
        "adaptive": false,
        "flexible": false,
        "dof_translation": 0,
        "dof_rotation": 0,
        "fully_constrained": true,
        "transform": {
          "rotation_matrix": [
            [
              1.0000000000000087,
              -2.3374966237323219E-15,
              -3.3569356613039623E-14
            ],
            [
              3.112686595886438E-14,
              -1.2769623421370387E-14,
              1.0000000000000029
            ],
            [
              -3.5587419508204252E-15,
              -0.99999999999999856,
              -1.2047978455364042E-14
            ]
          ],
          "translation_cm": [
            -1.115227569635493,
            -37.070486409849252,
            34.702710255848
          ]
        }
      },
      {
        "node_id": "1094892017-M48.iam:2/1094892017-M52.iam:1",
        "file_name": "C:\\Users\\hrish\\Downloads\\Assemblies for Training ML model\\Assembly 67\\Workspaces\\1094892017-M1\\1094892017-M52.iam",
        "component_type": "kAssemblyDocumentObject",
        "grounded": true,
        "suppressed": false,
        "visible": true,
        "adaptive": false,
        "flexible": false,
        "dof_translation": 0,
        "dof_rotation": 0,
        "fully_constrained": false,
        "transform": {
          "rotation_matrix": [
            [
              1.0000000000000078,
              -2.8370969848136178E-15,
              -3.3332855194202584E-14
            ],
            [
              3.1792999773639442E-14,
              -1.3441937932567806E-14,
              1.0000000000000029
            ],
            [
              -4.0028311606704909E-15,
              -0.99999999999999634,
              -1.2047978455364037E-14
            ]
          ],
          "translation_cm": [
            -1.1152275696355052,
            -37.070486409849288,
            34.70271025584799
          ]
        }
      },
      {
        "node_id": "1094892017-M48.iam:2/1094892017-M52.iam:1/1094892017-M53.ipt:1",
        "file_name": "C:\\Users\\hrish\\Downloads\\Assemblies for Training ML model\\Assembly 67\\Workspaces\\1094892017-M1\\1094892017-M53.ipt",
        "component_type": "kPartDocumentObject",
        "grounded": false,
        "suppressed": false,
        "visible": true,
        "adaptive": false,
        "flexible": false,
        "dof_translation": 0,
        "dof_rotation": 0,
        "fully_constrained": true,
        "transform": {
          "rotation_matrix": [
            [
              1.0000000000000078,
              -2.8370969848136178E-15,
              -3.3332855194202584E-14
            ],
            [
              3.1792999773639442E-14,
              -1.3441937932567806E-14,
              1.0000000000000029
            ],
            [
              -4.0028311606704909E-15,
              -0.99999999999999634,
              -1.2047978455364037E-14
            ]
          ],
          "translation_cm": [
            -1.1152275696355052,
            -37.070486409849288,
            34.70271025584799
          ]
        }
      },
      {
        "node_id": "1094892017-M48.iam:2/1094892017-M57.ipt:2",
        "file_name": "C:\\Users\\hrish\\Downloads\\Assemblies for Training ML model\\Assembly 67\\Workspaces\\1094892017-M1\\1094892017-M57.ipt",
        "component_type": "kPartDocumentObject",
        "grounded": false,
        "suppressed": false,
        "visible": true,
        "adaptive": false,
        "flexible": false,
        "dof_translation": 0,
        "dof_rotation": 0,
        "fully_constrained": true,
        "transform": {
          "rotation_matrix": [
            [
              1.0000000000000235,
              -2.5045836336745128E-14,
              5.0374920284774182E-16
            ],
            [
              -7.4850875546400017E-15,
              -1.0807744135302945E-14,
              1.000000000000006
            ],
            [
              -2.70442377810698E-14,
              -0.99999999999999567,
              -8.2379771862071011E-15
            ]
          ],
          "translation_cm": [
            -1.1152275696333402,
            -80.020486409849468,
            34.902710255848454
          ]
        }
      },
      {
        "node_id": "1094892017-M48.iam:2/1094892017-M54.ipt:3",
        "file_name": "C:\\Users\\hrish\\Downloads\\Assemblies for Training ML model\\Assembly 67\\Workspaces\\1094892017-M1\\1094892017-M54.ipt",
        "component_type": "kPartDocumentObject",
        "grounded": false,
        "suppressed": false,
        "visible": true,
        "adaptive": false,
        "flexible": false,
        "dof_translation": 0,
        "dof_rotation": 0,
        "fully_constrained": true,
        "transform": {
          "rotation_matrix": [
            [
              3.90759681967352E-14,
              -1.5334465334901908E-14,
              1.0000000000000626
            ],
            [
              -0.96499681365538548,
              -0.26226160533916226,
              3.325341025027056E-14
            ],
            [
              0.26226160533911846,
              -0.96499681365535062,
              -2.6032629876420109E-14
            ]
          ],
          "translation_cm": [
            -1.1152275696380527,
            -0.17045015465396318,
            32.9027102558478
          ]
        }
      },
      {
        "node_id": "1094892017-M48.iam:2/1094892017-M55.ipt:4",
        "file_name": "C:\\Users\\hrish\\Downloads\\Assemblies for Training ML model\\Assembly 67\\Workspaces\\1094892017-M1\\1094892017-M55.ipt",
        "component_type": "kPartDocumentObject",
        "grounded": false,
        "suppressed": false,
        "visible": true,
        "adaptive": false,
        "flexible": false,
        "dof_translation": 0,
        "dof_rotation": 0,
        "fully_constrained": true,
        "transform": {
          "rotation_matrix": [
            [
              -1.0000000000000191,
              -2.6903003361064287E-14,
              3.3804441384383773E-14
            ],
            [
              -3.14942639470598E-14,
              -1.1015778370157231E-14,
              -1.0000000000000024
            ],
            [
              2.7735670629533432E-14,
              -1.0000000000000095,
              9.6874118351245491E-15
            ]
