{
  "assembly_metadata": {
    "assembly_name": "1094892017-M32.iam",
    "full_file_name": "C:\\Users\\hrish\\Downloads\\Assemblies for Training ML model\\Assembly 67\\Workspaces\\1094892017-M1\\1094892017-M32.iam",
    "internal_name": "{E3FFAE51-4EC1-DBDA-194D-20B02F6C398F}",
    "total_occurrences": 10,
    "total_constraints": 18
  },
  "physics": {
    "mass_kg": 15.117757504783755,
    "center_of_mass": [
      -41.714628863786068,
      14.803396473645577,
      24.401244762946721
    ],
    "inertia_tensor": [
      28425.003193737917,
      4219.7433523025065,
      24260.732907673988,
      -29.995374957825987,
      -28.406744305483997,
      -146.93963493878022
    ]
  },
  "assembly_graph": {
    "nodes": [
      {
        "node_id": "1094892017-M34.ipt:1",
        "file_name": "C:\\Users\\hrish\\Downloads\\Assemblies for Training ML model\\Assembly 67\\Workspaces\\1094892017-M1\\1094892017-M34.ipt",
        "component_type": "kPartDocumentObject",
        "grounded": true,
        "suppressed": false,
        "visible": true,
        "adaptive": false,
        "flexible": false,
        "dof_translation": 0,
        "dof_rotation": 0,
        "fully_constrained": false,
        "transform": {
          "rotation_matrix": [
            [
              -2.5729283939477213E-14,
              -5.1618737115860328E-14,
              1.0000000000000018
            ],
            [
              -5.1149621507805891E-15,
              0.99999999999999534,
              5.0237499929729878E-14
            ],
            [
              -0.99999999999999545,
              -4.462016115432025E-15,
              -2.2675736940883406E-14
            ]
          ],
          "translation_cm": [
            -42.499999999993037,
            -58.999999999999815,
            21.000000000001293
          ]
        }
      },
      {
        "node_id": "1094892017-M4.ipt:2",
        "file_name": "C:\\Users\\hrish\\Downloads\\Assemblies for Training ML model\\Assembly 67\\Workspaces\\1094892017-M1\\1094892017-M4.ipt",
        "component_type": "kPartDocumentObject",
        "grounded": false,
        "suppressed": false,
        "visible": true,
        "adaptive": false,
        "flexible": false,
        "dof_translation": 0,
        "dof_rotation": 0,
        "fully_constrained": true,
        "transform": {
          "rotation_matrix": [
            [
              1.0,
              5.1618737115860555E-14,
              -2.5729283939474477E-14
            ],
            [
              5.161873711586048E-14,
              -1.0,
              -4.1921793770661966E-15
            ],
            [
              -2.5729283939474695E-14,
              4.1921793770648658E-15,
              -1.0
            ]
          ],
          "translation_cm": [
            -42.299999999999322,
            73.399999999999707,
            42.100000000000627
          ]
        }
      },
      {
        "node_id": "1094892017-M4.ipt:3",
        "file_name": "C:\\Users\\hrish\\Downloads\\Assemblies for Training ML model\\Assembly 67\\Workspaces\\1094892017-M1\\1094892017-M4.ipt",
        "component_type": "kPartDocumentObject",
        "grounded": false,
        "suppressed": false,
        "visible": true,
        "adaptive": false,
        "flexible": false,
        "dof_translation": 0,
        "dof_rotation": 0,
        "fully_constrained": true,
        "transform": {
          "rotation_matrix": [
            [
              1.0,
              5.1618737115860555E-14,
              -2.5729283939474477E-14
            ],
            [
              5.161873711586048E-14,
              -1.0,
              -4.1921793770661966E-15
            ],
            [
              -2.5729283939474695E-14,
              4.1921793770648658E-15,
              -1.0
            ]
          ],
          "translation_cm": [
            -42.299999999996466,
            17.999999999999687,
            42.100000000000826
          ]
        }
      },
      {
        "node_id": "1094892017-M4.ipt:4",
        "file_name": "C:\\Users\\hrish\\Downloads\\Assemblies for Training ML model\\Assembly 67\\Workspaces\\1094892017-M1\\1094892017-M4.ipt",
        "component_type": "kPartDocumentObject",
        "grounded": false,
        "suppressed": false,
        "visible": true,
        "adaptive": false,
        "flexible": false,
        "dof_translation": 0,
        "dof_rotation": 0,
        "fully_constrained": true,
        "transform": {
          "rotation_matrix": [
            [
              1.0,
              5.1618737115860555E-14,
              -2.5729283939474477E-14
            ],
            [
              5.161873711586048E-14,
              -1.0,
              -4.1921793770661966E-15
            ],
            [
              -2.5729283939474695E-14,
              4.1921793770648658E-15,
              -1.0
            ]
          ],
          "translation_cm": [
            -42.2999999999936,
            -37.400000000000318,
            42.100000000001017
          ]
        }
      },
      {
        "node_id": "1094892017-M35.ipt:5",
        "file_name": "C:\\Users\\hrish\\Downloads\\Assemblies for Training ML model\\Assembly 67\\Workspaces\\1094892017-M1\\1094892017-M35.ipt",
        "component_type": "kPartDocumentObject",
        "grounded": false,
        "suppressed": false,
        "visible": true,
        "adaptive": false,
        "flexible": false,
        "dof_translation": 0,
        "dof_rotation": 0,
        "fully_constrained": true,
        "transform": {
          "rotation_matrix": [
            [
              -3.9114910796046869E-14,
              -5.177065326276123E-14,
              0.99999999999999978
            ],
            [
              -4.4066585244949523E-15,
              0.99999999999999989,
              5.1733047807254811E-14
            ],
            [
              -1.0,
              -4.7397254318804845E-15,
              -3.9065090270391433E-14
            ]
          ],
          "translation_cm": [
            -39.999999999997186,
            23.800000000000328,
            20.950000000000927
          ]
        }
      },
      {
        "node_id": "1094892017-M30.iam:6",
        "file_name": "C:\\Users\\hrish\\Downloads\\Assemblies for Training ML model\\Assembly 67\\Workspaces\\1094892017-M1\\1094892017-M30.iam",
        "component_type": "kAssemblyDocumentObject",
        "grounded": false,
        "suppressed": false,
        "visible": true,
        "adaptive": false,
        "flexible": false,
        "dof_translation": 0,
        "dof_rotation": 0,
        "fully_constrained": true,
        "transform": {
          "rotation_matrix": [
            [
              -1.0000000000000011,
              -1.035150299878802E-13,
              -2.2507615781533918E-14
            ],
            [
              -1.0312645192926126E-13,
              0.99999999999999833,
              -5.1149621507816265E-15
            ],
            [
              2.2675736940883662E-14,
              -5.2103273671074885E-15,
              -0.99999999999999734
            ]
          ],
          "translation_cm": [
            -40.100000000004123,
            47.979999999999947,
            21.000000000000821
          ]
        }
      },
      {
        "node_id": "1094892017-M30.iam:6/1094892017-P8.ipt:1",
        "file_name": "C:\\Users\\hrish\\Downloads\\Assemblies for Training ML model\\Assembly 67\\Workspaces\\1094892017-M1\\1094892017-P8.ipt",
        "component_type": "kPartDocumentObject",
        "grounded": false,
        "suppressed": false,
        "visible": true,
        "adaptive": false,
        "flexible": false,
        "dof_translation": 0,
        "dof_rotation": 0,
        "fully_constrained": true,
        "transform": {
          "rotation_matrix": [
            [
              -1.0000000000000011,
              -1.035150299878802E-13,
              -2.2507615781533918E-14
            ],
            [
              -1.0312645192926126E-13,
              0.99999999999999833,
              -5.1149621507816265E-15
            ],
            [
              2.2675736940883662E-14,
              -5.2103273671074885E-15,
              -0.99999999999999734
            ]
          ],
          "translation_cm": [
            -40.100000000004123,
            47.979999999999947,
            21.000000000000821
          ]
        }
      },
      {
        "node_id": "1094892017-M30.iam:6/0261210600-M1.ipt:2",
        "file_name": "C:\\Users\\hrish\\Downloads\\Assemblies for Training ML model\\Assembly 67\\Workspaces\\1094892017-M1\\0261210600-M1.ipt",
        "component_type": "kPartDocumentObject",
        "grounded": false,
        "suppressed": false,
        "visible": true,
        "adaptive": false,
        "flexible": false,
        "dof_translation": 0,
        "dof_rotation": 0,
        "fully_constrained": true,
        "transform": {
          "rotation_matrix": [
            [
              -2.2507680752450621E-14,
              -1.0364913588258598E-13,
              1.0000000000000011
            ],
            [
              -5.1149621507816265E-15,
              0.99999999999999833,
              1.0326055782396703E-13
            ],
            [
              -0.99999999999999734,
              -5.2103273671074854E-15,
              -2.2675801911800365E-14
            ]
          ],
          "translation_cm": [
            -40.520000000004423,
            49.229999999999862,
            13.500000000000842
          ]
        }
      },
      {
        "node_id": "1094892017-M30.iam:6/0261210600-M1.ipt:3",
        "file_name": "C:\\Users\\hrish\\Downloads\\Assemblies for Training ML model\\Assembly 67\\Workspaces\\1094892017-M1\\0261210600-M1.ipt",
        "component_type": "kPartDocumentObject",
        "grounded": false,
        "suppressed": false,
        "visible": true,
        "adaptive": false,
        "flexible": false,
        "dof_translation": 0,
        "dof_rotation": 0,
        "fully_constrained": true,
        "transform": {
          "rotation_matrix": [
            [
              2.2507680752450609E-14,
              1.0338092409317436E-13,
              1.0000000000000011
            ],
            [
              5.1149621507816233E-15,
              -0.99999999999999778,
              1.0299234603455548E-13
            ],
            [
              0.99999999999999678,
              5.2103273671074885E-15,
              -2.2675801911800365E-14
            ]
          ],
          "translation_cm": [
            -40.520000000004082,
            49.22999999999994,
            28.500000000000803
          ]
        }
      },
      {
        "node_id": "1094892017-M30.iam:7",
        "file_name": "C:\\Users\\hrish\\Downloads\\Assemblies for Training ML model\\Assembly 67\\Workspaces\\1094892017-M1\\1094892017-M30.iam",
        "component_type": "kAssemblyDocumentObject",
        "grounded": false,
        "suppressed": false,
        "visible": true,
        "adaptive": false,
        "flexible": false,
        "dof_translation": 0,
        "dof_rotation": 0,
        "fully_constrained": true,
        "transform": {
          "rotation_matrix": [
            [
              -1.0000000000000011,
              -1.035150299878802E-13,
              -2.250761578153389E-14
            ],
            [
              -1.0312645192926126E-13,
              0.99999999999999833,
              -5.1149621507816265E-15
            ],
            [
              2.2675736940883633E-14,
              -5.2103273671074885E-15,
              -0.99999999999999734
            ]
          ],
          "translation_cm": [
            -40.100000000000442,
            -22.020000000000067,
            21.000000000001126
          ]
        }
      },
      {
        "node_id": "1094892017-M30.iam:7/1094892017-P8.ipt:1",
        "file_name": "C:\\Users\\hrish\\Downloads\\Assemblies for Training ML model\\Assembly 67\\Workspaces\\1094892017-M1\\1094892017-P8.ipt",
        "component_type": "kPartDocumentObject",
        "grounded": false,
        "suppressed": false,
        "visible": true,
        "adaptive": false,
        "flexible": false,
        "dof_translation": 0,
        "dof_rotation": 0,
        "fully_constrained": true,
        "transform": {
          "rotation_matrix": [
            [
              -1.0000000000000011,
              -1.035150299878802E-13,
              -2.250761578153389E-14
            ],
            [
              -1.0312645192926126E-13,
              0.99999999999999833,
              -5.1149621507816265E-15
            ],
            [
              2.2675736940883633E-14,
              -5.2103273671074885E-15,
              -0.99999999999999734
            ]
          ],
          "translation_cm": [
            -40.100000000000442,
            -22.020000000000067,
            21.000000000001126
          ]
        }
      },
      {
        "node_id": "1094892017-M30.iam:7/0261210600-M1.ipt:2",
        "file_name": "C:\\Users\\hrish\\Downloads\\Assemblies for Training ML model\\Assembly 67\\Workspaces\\1094892017-M1\\0261210600-M1.ipt",
        "component_type": "kPartDocumentObject",
        "grounded": false,
        "suppressed": false,
        "visible": true,
        "adaptive": false,
        "flexible": false,
        "dof_translation": 0,
        "dof_rotation": 0,
        "fully_constrained": true,
        "transform": {
          "rotation_matrix": [
            [
              -2.2507680752450593E-14,
              -1.0364913588258598E-13,
              1.0000000000000011
            ],
            [
              -5.1149621507816265E-15,
              0.99999999999999833,
              1.0326055782396703E-13
            ],
            [
              -0.99999999999999734,
              -5.2103273671074854E-15,
              -2.2675801911800336E-14
            ]
          ],
          "translation_cm": [
            -40.520000000000742,
            -20.770000000000152,
            13.500000000001148
          ]
        }
      },
      {
        "node_id": "1094892017-M30.iam:7/0261210600-M1.ipt:3",
        "file_name": "C:\\Users\\hrish\\Downloads\\Assemblies for Training ML model\\Assembly 67\\Workspaces\\1094892017-M1\\0261210600-M1.ipt",
        "component_type": "kPartDocumentObject",
        "grounded": false,
        "suppressed": false,
        "visible": true,
        "adaptive": false,
        "flexible": false,
        "dof_translation": 0,
        "dof_rotation": 0,
        "fully_constrained": true,
        "transform": {
          "rotation_matrix": [
            [
              2.250768075245058E-14,
              1.0338092409317436E-13,
              1.0000000000000011
            ],
            [
              5.1149621507816233E-15,
              -0.99999999999999778,
              1.0299234603455548E-13
            ],
            [
              0.99999999999999678,
              5.2103273671074885E-15,
              -2.2675801911800336E-14
            ]
          ],
          "translation_cm": [
            -40.5200000000004,
            -20.770000000000074,
            28.500000000001108
          ]
        }
      },
      {
        "node_id": "1094892017-M33.ipt:8",
        "file_name": "C:\\Users\\hrish\\Downloads\\Assemblies for Training ML model\\Assembly 67\\Workspaces\\1094892017-M1\\1094892017-M33.ipt",
        "component_type": "kPartDocumentObject",
        "grounded": false,
        "suppressed": false,
        "visible": true,
        "adaptive": false,
        "flexible": false,
        "dof_translation": 0,
        "dof_rotation": 0,
        "fully_constrained": true,
        "transform": {
          "rotation_matrix": [
            [
              2.5729283939477604E-14,
              -6.01908999997502E-17,
              1.0
            ],
            [
              4.1921793770661966E-15,
              -1.0,
              -6.0190899999998468E-17
            ],
            [
              1.0,
              4.1921793770661966E-15,
              -2.5729283939477604E-14
            ]
          ],
          "translation_cm": [
            -42.299999999992558,
            -37.400000000000318,
            39.600000000001145
          ]
        }
      },
      {
        "node_id": "1094892017-M33.ipt:9",
        "file_name": "C:\\Users\\hrish\\Downloads\\Assemblies for Training ML model\\Assembly 67\\Workspaces\\1094892017-M1\\1094892017-M33.ipt",
        "component_type": "kPartDocumentObject",
        "grounded": false,
        "suppressed": false,
        "visible": true,
        "adaptive": false,
        "flexible": false,
        "dof_translation": 0,
        "dof_rotation": 0,
        "fully_constrained": true,
        "transform": {
          "rotation_matrix": [
            [
              2.5729283939477604E-14,
              -6.01908999997502E-17,
              1.0
            ],
            [
              4.1921793770661966E-15,
              -1.0,
              -6.0190899999998468E-17
            ],
            [
              1.0,
              4.1921793770661966E-15,
              -2.5729283939477604E-14
            ]
          ],
          "translation_cm": [
            -42.299999999992558,
            73.3999999999997,
            39.600000000000684
          ]
        }
      },
      {
        "node_id": "1094892017-M30.iam:10",
        "file_name": "C:\\Users\\hrish\\Downloads\\Assemblies for Training ML model\\Assembly 67\\Workspaces\\1094892017-M1\\1094892017-M30.iam",
        "component_type": "kAssemblyDocumentObject",
        "grounded": false,
        "suppressed": false,
        "visible": true,
        "adaptive": false,
        "flexible": false,
        "dof_translation": 0,
        "dof_rotation": 0,
        "fully_constrained": true,
        "transform": {
          "rotation_matrix": [
            [
              -1.0000000000000011,
              -1.0351502998787926E-13,
              -2.5729283939477005E-14
            ],
            [
              -1.031264519292603E-13,
              0.99999999999999833,
              -5.1149621507819578E-15
            ],
            [
              2.5897405098827E-14,
              -5.2103273671074862E-15,
              -0.99999999999999734
            ]
          ],
          "translation_cm": [
            -40.099999999998637,
            -5.01999999999996,
            21.000000000001094
          ]
        }
      },
      {
        "node_id": "1094892017-M30.iam:10/1094892017-P8.ipt:1",
        "file_name": "C:\\Users\\hrish\\Downloads\\Assemblies for Training ML model\\Assembly 67\\Workspaces\\1094892017-M1\\1094892017-P8.ipt",
        "component_type": "kPartDocumentObject",
        "grounded": false,
        "suppressed": false,
        "visible": true,
        "adaptive": false,
        "flexible": false,
        "dof_translation": 0,
        "dof_rotation": 0,
        "fully_constrained": true,
        "transform": {
          "rotation_matrix": [
            [
              -1.0000000000000011,
              -1.0351502998787926E-13,
              -2.5729283939477005E-14
            ],
            [
              -1.031264519292603E-13,
              0.99999999999999833,
              -5.1149621507819578E-15
            ],
            [
              2.5897405098827E-14,
              -5.2103273671074862E-15,
              -0.99999999999999734
            ]
          ],
          "translation_cm": [
            -40.099999999998637,
            -5.01999999999996,
            21.000000000001094
          ]
        }
      },
      {
        "node_id": "1094892017-M30.iam:10/0261210600-M1.ipt:2",
        "file_name": "C:\\Users\\hrish\\Downloads\\Assemblies for Training ML model\\Assembly 67\\Workspaces\\1094892017-M1\\0261210600-M1.ipt",
        "component_type": "kPartDocumentObject",
        "grounded": false,
        "suppressed": false,
        "visible": true,
        "adaptive": false,
        "flexible": false,
        "dof_translation": 0,
        "dof_rotation": 0,
        "fully_constrained": true,
        "transform": {
          "rotation_matrix": [
            [
              -2.5729348910393708E-14,
              -1.0364913588258503E-13,
              1.0000000000000011
            ],
            [
              -5.1149621507819578E-15,
              0.99999999999999833,
              1.0326055782396607E-13
            ],
            [
              -0.99999999999999734,
              -5.210327367107483E-15,
              -2.5897470069743704E-14
            ]
          ],
          "translation_cm": [
            -40.519999999998959,
            -3.7700000000000431,
            13.500000000001119
          ]
        }
      },
      {
        "node_id": "1094892017-M30.iam:10/0261210600-M1.ipt:3",
        "file_name": "C:\\Users\\hrish\\Downloads\\Assemblies for Training ML model\\Assembly 67\\Workspaces\\1094892017-M1\\0261210600-M1.ipt",
        "component_type": "kPartDocumentObject",
        "grounded": false,
        "suppressed": false,
        "visible": true,
        "adaptive": false,
        "flexible": false,
        "dof_translation": 0,
        "dof_rotation": 0,
        "fully_constrained": true,
        "transform": {
          "rotation_matrix": [
            [
              2.5729348910393692E-14,
              1.0338092409317342E-13,
              1.0000000000000011
            ],
            [
              5.1149621507819546E-15,
              -0.99999999999999778,
              1.0299234603455452E-13
            ],
            [
              0.99999999999999678,
              5.2103273671074862E-15,
              -2.5897470069743704E-14
            ]
          ],
          "translation_cm": [
            -40.519999999998575,
            -3.7699999999999667,
            28.500000000001076
          ]
        }
      }
    ],
    "constraint_edges": [
      {
        "constraint_name": "Insert:14",
        "constraint_type": "kInsertConstraint",
        "suppressed": false,
        "health_status": "kUpToDateHealth",
        "node_one_id": "1094892017-M4.ipt:2",
        "node_two_id": "1094892017-M34.ipt:1",
        "axes_opposed": true,
        "lock_rotation": false,
        "entity_one": {
          "entity_type": "67120288",
          "proxy_context_occurrence": "1094892017-M4.ipt:2",
          "owner_document": "C:\\Users\\hrish\\Downloads\\Assemblies for Training ML model\\Assembly 67\\Workspaces\\1094892017-M1\\1094892017-M4.ipt",
          "reference_key_string": "AQQBABAAAAAAAAAAAgAAAAcAAAAGAAAA",
          "context_key_string": "nsIrpNQR6AFgAC2z7in7sAQAAB5AAADIMgIotS/9IIFFAwBkBQABAADtN0PA0xEdDmAAALgylIewAAABAQAAsS28CdARH+wACNywOz6oCQIBAACyBAAAAFQAZQBzAHQAzT8tIk1Ea46AIKOwyi6iwAD/////AAAAAAAABgBICBIuHAQATP3nC8OcGA==",
          "curve_type": "kCircleCurve",
          "length_cm": 0.83775804095727835,
          "edge_midpoint": [
            0.0,
            -0.40000000000000019,
            0.69282032302755092
          ],
          "edge_tangent_at_mid": [
            0.0,
            0.8660254037844386,
            0.50000000000000022
          ],
          "edge_start_vertex": [
            0.0,
            -0.692820323027551,
            0.39999999999999991
          ],
          "edge_end_vertex": [
            0.0,
            0.0,
            0.79999999999999982
          ]
        },
        "entity_two": {
          "entity_type": "67120288",
          "proxy_context_occurrence": "1094892017-M34.ipt:1",
          "owner_document": "C:\\Users\\hrish\\Downloads\\Assemblies for Training ML model\\Assembly 67\\Workspaces\\1094892017-M1\\1094892017-M34.ipt",
          "reference_key_string": "AQQBABAAAAAAAAAAAgAAAAQAAAAGAAAA",
          "context_key_string": "nsIrpNQR6AFgAC2z7in7sAQAAB5AAADIMgIotS/9IIFFAwBkBQABAADtN0PA0xEdDmAAALgylIewAAABAQAAsS28CdARH+wACNywOz6oCQIBAACyBAAAAFQAZQBzAHQAhxRFlG1LAqQrbi2xfAE31AD/////AAAAAAAABgBICM1Q4SAAYOo/XxjmxA==",
          "curve_type": "kCircleCurve",
          "length_cm": 3.9269908169872414,
          "edge_midpoint": [
            -21.725000000000019,
            132.40000000000003,
            0.19999999999998863
          ],
          "edge_tangent_at_mid": [
            -1.2246467991473532E-16,
            1.0,
            0.0
          ],
          "edge_start_vertex": [
            -20.475000000000019,
            132.40000000000003,
            0.2
          ],
          "edge_end_vertex": [
            -20.475000000000019,
            132.40000000000003,
            0.2
          ]
        }
      },
      {
        "constraint_name": "Angle:1",
        "constraint_type": "kAngleConstraint",
        "suppressed": false,
        "health_status": "kUpToDateHealth",
        "node_one_id": "1094892017-M34.ipt:1",
        "node_two_id": "1094892017-M4.ipt:2",
        "angle_rad": 0.0,
        "solution": "kDirectedSolution",
        "entity_one": {
          "entity_type": "67119520",
          "proxy_context_occurrence": "1094892017-M34.ipt:1",
          "owner_document": "C:\\Users\\hrish\\Downloads\\Assemblies for Training ML model\\Assembly 67\\Workspaces\\1094892017-M1\\1094892017-M34.ipt",
          "reference_key_string": "AQQFADAAAAAAAAAAAgAAAAUAAAADAAAACAAAAAYAAAALAAAABgAAAA4AAAAGAAAAEAAAAAYAAAA=",
          "context_key_string": "nsIrpNQR6AFgAC2z7in7sAQAAB5AAADIMgIotS/9IIFFAwBkBQABAADtN0PA0xEdDmAAALgylIewAAABAQAAsS28CdARH+wACNywOz6oCQIBAACyBAAAAFQAZQBzAHQAhxRFlG1LAqQrbi2xfAE31AD/////AAAAAAAABgBICM1Q4SAAYOo/XxjmxA==",
          "surface_type": "kPlaneSurface",
          "area_cm2": 30.8,
          "face_normal_at_center": [
            1.0,
            9.22782773714416E-16,
            0.0
          ],
          "face_point_at_center": [
            26.199999999999985,
            77.000000000000028,
            0.1
          ],
          "face_bbox_min": [
            26.199999999999914,
            2.8421709430404007E-14,
            0.0
          ],
          "face_bbox_max": [
            26.200000000000056,
            154.00000000000003,
            0.2
          ],
          "loops": [
            {
              "is_outer": true,
              "edge_reference_keys": [
                "AQQBABAAAAAAAAAAAgAAAAgAAAAGAAAA",
                "AQQBABAAAAAAAAAAAgAAAAsAAAAGAAAA",
                "AQQBABAAAAAAAAAAAgAAAA4AAAAGAAAA",
                "AQQBABAAAAAAAAAAAgAAABAAAAAGAAAA"
              ]
            }
          ]
        },
        "entity_two": {
          "entity_type": "83887776",
          "proxy_context_occurrence": "1094892017-M4.ipt:2",
          "owner_document": "C:\\Users\\hrish\\Downloads\\Assemblies for Training ML model\\Assembly 67\\Workspaces\\1094892017-M1\\1094892017-M4.ipt",
          "reference_key_string": "EAIAABAAAAALAAAAAAAAAIAAAAAAAAAA",
          "context_key_string": "nsIrpNQR6AFgAC2z7in7sAQAAB5AAADIMgIotS/9IIFFAwBkBQABAADtN0PA0xEdDmAAALgylIewAAABAQAAsS28CdARH+wACNywOz6oCQIBAACyBAAAAFQAZQBzAHQAzT8tIk1Ea46AIKOwyi6iwAD/////AAAAAAAABgBICBIuHAQATP3nC8OcGA==",
          "surface_type": "kPlaneSurface",
          "area_cm2": 0.0001,
          "face_normal_at_center": [
            0.0,
            0.0,
            1.0
          ],
          "face_point_at_center": [
            0.0,
            0.0,
            0.0
          ],
          "work_feature_name": "XY Plane"
        }
      },
      {
        "constraint_name": "Mate:17",
        "constraint_type": "kMateConstraint",
        "suppressed": false,
        "health_status": "kUpToDateHealth",
        "node_one_id": "1094892017-M35.ipt:5",
        "node_two_id": "1094892017-M34.ipt:1",
        "offset_cm": 0.0,
        "solution": "kNoSolutionType",
        "entity_one": {
          "entity_type": "67119520",
          "proxy_context_occurrence": "1094892017-M35.ipt:5",
          "owner_document": "C:\\Users\\hrish\\Downloads\\Assemblies for Training ML model\\Assembly 67\\Workspaces\\1094892017-M1\\1094892017-M35.ipt",
          "reference_key_string": "AQQGADgAAAAAAAAAAgAAAAEAAAADAAAABAAAAAYAAAAMAAAABgAAAA8AAAAGAAAAEQAAAAYAAAASAAAABgAAAA==",
          "context_key_string": "nsIrpNQR6AFgAC2z7in7sAQAAB5AAADIMgIotS/9IIFFAwBkBQABAADtN0PA0xEdDmAAALgylIewAAABAQAAsS28CdARH+wACNywOz6oCQIBAACyBAAAAFQAZQBzAHQATepv2BVGL4DK0eOQR4UEJgD/////AAAAAAAABgBICM1Q4SAAYOo/XxjmxA==",
          "surface_type": "kPlaneSurface",
          "area_cm2": 26.14118243731064,
          "face_normal_at_center": [
            1.3385626856569495E-14,
            1.519161469006762E-16,
            -1.0
          ],
          "face_point_at_center": [
            11.725000000000007,
            0.10353553390593159,
            -2.2999999999999821
          ],
          "face_bbox_min": [
            11.150000000000004,
            -11.292928932188138,
            -2.2999999999999918
          ],
          "face_bbox_max": [
            12.30000000000001,
            11.500000000000005,
            -2.2999999999999705
          ],
          "loops": [
            {
              "is_outer": false,
              "edge_reference_keys": [
                "AQQBABAAAAAAAAAAAgAAAAQAAAAGAAAA"
              ]
            },
            {
              "is_outer": true,
              "edge_reference_keys": [
                "AQQBABAAAAAAAAAAAgAAAAwAAAAGAAAA",
                "AQQBABAAAAAAAAAAAgAAAA8AAAAGAAAA",
                "AQQBABAAAAAAAAAAAgAAABEAAAAGAAAA",
                "AQQBABAAAAAAAAAAAgAAABIAAAAGAAAA"
              ]
            }
          ]
        },
        "entity_two": {
          "entity_type": "67119520",
          "proxy_context_occurrence": "1094892017-M34.ipt:1",
          "owner_document": "C:\\Users\\hrish\\Downloads\\Assemblies for Training ML model\\Assembly 67\\Workspaces\\1094892017-M1\\1094892017-M34.ipt",
          "reference_key_string": "AQQZANAAAAAAAAAAAgAAAAEAAAADAAAAEwAAAAYAAAAWAAAABgAAABkAAAAGAAAAHAAAAAYAAAAfAAAABgAAACIAAAAGAAAAKAAAAAYAAAApAAAABgAAAAgAAAAGAAAAKgAAAAYAAAAwAAAABgAAADMAAAAGAAAANQAAAAYAAAA2AAAABgAAADwAAAAGAAAAPwAAAAYAAABBAAAABgAAAEIAAAAGAAAASAAAAAYAAABLAAAABgAAAE0AAAAGAAAATgAAAAYAAABUAAAABgAAAFcAAAAGAAAA",
          "context_key_string": "nsIrpNQR6AFgAC2z7in7sAQAAB5AAADIMgIotS/9IIFFAwBkBQABAADtN0PA0xEdDmAAALgylIewAAABAQAAsS28CdARH+wACNywOz6oCQIBAACyBAAAAFQAZQBzAHQAhxRFlG1LAqQrbi2xfAE31AD/////AAAAAAAABgBICM1Q4SAAYOo/XxjmxA==",
          "surface_type": "kPlaneSurface",
          "area_cm2": 6961.3172514988637,
          "face_normal_at_center": [
            0.0,
            0.0,
            1.0
          ],
          "face_point_at_center": [
            0.17499999999998295,
            77.000000000000014,
            0.2
          ],
          "face_bbox_min": [
            -25.850000000000087,
            0.0,
            0.19999999999998863
          ],
          "face_bbox_max": [
            26.200000000000053,
            154.00000000000003,
            0.2
          ],
          "loops": [
            {
              "is_outer": false,
              "edge_reference_keys": [
                "AQQBABAAAAAAAAAAAgAAABMAAAAGAAAA"
              ]
            },
            {
              "is_outer": false,
              "edge_reference_keys": [
                "AQQBABAAAAAAAAAAAgAAABYAAAAGAAAA"
              ]
            },
            {
              "is_outer": false,
              "edge_reference_keys": [
                "AQQBABAAAAAAAAAAAgAAABkAAAAGAAAA"
              ]
            },
            {
              "is_outer": false,
              "edge_reference_keys": [
                "AQQBABAAAAAAAAAAAgAAABwAAAAGAAAA"
              ]
            },
            {
              "is_outer": false,
              "edge_reference_keys": [
                "AQQBABAAAAAAAAAAAgAAAB8AAAAGAAAA"
              ]
            },
            {
              "is_outer": false,
              "edge_reference_keys": [
                "AQQBABAAAAAAAAAAAgAAACIAAAAGAAAA"
              ]
            },
            {
              "is_outer": true,
              "edge_reference_keys": [
                "AQQBABAAAAAAAAAAAgAAACgAAAAGAAAA",
                "AQQBABAAAAAAAAAAAgAAACkAAAAGAAAA",
                "AQQBABAAAAAAAAAAAgAAAAgAAAAGAAAA",
                "AQQBABAAAAAAAAAAAgAAACoAAAAGAAAA"
              ]
            },
            {
              "is_outer": false,
              "edge_reference_keys": [
                "AQQBABAAAAAAAAAAAgAAADAAAAAGAAAA",
                "AQQBABAAAAAAAAAAAgAAADMAAAAGAAAA",
                "AQQBABAAAAAAAAAAAgAAADUAAAAGAAAA",
                "AQQBABAAAAAAAAAAAgAAADYAAAAGAAAA"
              ]
            },
            {
              "is_outer": false,
              "edge_reference_keys": [
                "AQQBABAAAAAAAAAAAgAAADwAAAAGAAAA",
                "AQQBABAAAAAAAAAAAgAAAD8AAAAGAAAA",
                "AQQBABAAAAAAAAAAAgAAAEEAAAAGAAAA",
                "AQQBABAAAAAAAAAAAgAAAEIAAAAGAAAA"
              ]
            },
            {
              "is_outer": false,
              "edge_reference_keys": [
                "AQQBABAAAAAAAAAAAgAAAEgAAAAGAAAA",
                "AQQBABAAAAAAAAAAAgAAAEsAAAAGAAAA",
                "AQQBABAAAAAAAAAAAgAAAE0AAAAGAAAA",
                "AQQBABAAAAAAAAAAAgAAAE4AAAAGAAAA"
              ]
            },
            {
              "is_outer": false,
              "edge_reference_keys": [
                "AQQBABAAAAAAAAAAAgAAAFQAAAAGAAAA",
                "AQQBABAAAAAAAAAAAgAAAFcAAAAGAAAA",
                "AQQBABAAAAAAAAAAAgAAAFkAAAAGAAAA",
                "AQQBABAAAAAAAAAAAgAAAFoAAAAGAAAA"
              ]
            },
            {
              "is_outer": false,
              "edge_reference_keys": [
                "AQQBABAAAAAAAAAAAgAAAGAAAAAGAAAA",
                "AQQBABAAAAAAAAAAAgAAAGMAAAAGAAAA",
                "AQQBABAAAAAAAAAAAgAAAGUAAAAGAAAA",
                "AQQBABAAAAAAAAAAAgAAAGYAAAAGAAAA"
              ]
            },
            {
              "is_outer": false,
              "edge_reference_keys": [
                "AQQBABAAAAAAAAAAAgAAAGwAAAAGAAAA",
                "AQQBABAAAAAAAAAAAgAAAG8AAAAGAAAA",
                "AQQBABAAAAAAAAAAAgAAAHEAAAAGAAAA",
                "AQQBABAAAAAAAAAAAgAAAHIAAAAGAAAA"
              ]
            },
            {
              "is_outer": false,
              "edge_reference_keys": [
                "AQQBABAAAAAAAAAAAgAAAHgAAAAGAAAA",
                "AQQBABAAAAAAAAAAAgAAAHsAAAAGAAAA",
                "AQQBABAAAAAAAAAAAgAAAH0AAAAGAAAA",
                "AQQBABAAAAAAAAAAAgAAAH4AAAAGAAAA"
              ]
            },
            {
              "is_outer": false,
              "edge_reference_keys": [
                "AQQBABAAAAAAAAAAAgAAAIEAAAAGAAAA"
              ]
            },
            {
              "is_outer": false,
              "edge_reference_keys": [
                "AQQBABAAAAAAAAAAAgAAAIQAAAAGAAAA"
              ]
            },
            {
              "is_outer": false,
              "edge_reference_keys": [
                "AQQBABAAAAAAAAAAAgAAAAQAAAAGAAAA"
              ]
            },
            {
              "is_outer": false,
              "edge_reference_keys": [
                "AQQBABAAAAAAAAAAAgAAAIcAAAAGAAAA"
              ]
            },
            {
              "is_outer": false,
              "edge_reference_keys": [
                "AQQBABAAAAAAAAAAAgAAAIoAAAAGAAAA"
              ]
            },
            {
              "is_outer": false,
              "edge_reference_keys": [
                "AQQBABAAAAAAAAAAAgAAAI0AAAAGAAAA"
              ]
            },
            {
              "is_outer": false,
              "edge_reference_keys": [
                "AQQBABAAAAAAAAAAAgAAAJAAAAAGAAAA"
              ]
            },
            {
              "is_outer": false,
              "edge_reference_keys": [
                "AQQBABAAAAAAAAAAAgAAAJMAAAAGAAAA"
              ]
            },
            {
              "is_outer": false,
              "edge_reference_keys": [
                "AQQBABAAAAAAAAAAAgAAAJYAAAAGAAAA"
              ]
            },
            {
              "is_outer": false,
              "edge_reference_keys": [
                "AQQBABAAAAAAAAAAAgAAAJkAAAAGAAAA"
              ]
            },
            {
              "is_outer": false,
              "edge_reference_keys": [
                "AQQBABAAAAAAAAAAAgAAAJ8AAAAGAAAA",
                "AQQBABAAAAAAAAAAAgAAAKIAAAAGAAAA",
                "AQQBABAAAAAAAAAAAgAAAKQAAAAGAAAA",
                "AQQBABAAAAAAAAAAAgAAAKUAAAAGAAAA"
              ]
            }
          ]
        }
      },
      {
        "constraint_name": "Flush:12",
        "constraint_type": "kFlushConstraint",
        "suppressed": true,
        "health_status": "kSuppressedHealth",
        "node_one_id": "1094892017-M34.ipt:1",
        "node_two_id": "1094892017-M35.ipt:5",
        "offset_cm": -13.5,
        "entity_one": {
          "entity_type": "67119520",
          "proxy_context_occurrence": "1094892017-M34.ipt:1",
          "owner_document": "C:\\Users\\hrish\\Downloads\\Assemblies for Training ML model\\Assembly 67\\Workspaces\\1094892017-M1\\1094892017-M34.ipt",
          "reference_key_string": "AQQFADAAAAAAAAAAAgAAAAUAAAADAAAACAAAAAYAAAALAAAABgAAAA4AAAAGAAAAEAAAAAYAAAA=",
          "context_key_string": "nsIrpNQR6AFgAC2z7in7sAQAAB5AAADIMgIotS/9IIFFAwBkBQABAADtN0PA0xEdDmAAALgylIewAAABAQAAsS28CdARH+wACNywOz6oCQIBAACyBAAAAFQAZQBzAHQAhxRFlG1LAqQrbi2xfAE31AD/////AAAAAAAABgBICM1Q4SAAYOo/XxjmxA==",
          "surface_type": "kPlaneSurface",
          "area_cm2": 30.8,
          "face_normal_at_center": [
            1.0,
            9.22782773714416E-16,
            0.0
          ],
          "face_point_at_center": [
            26.199999999999985,
            77.000000000000028,
            0.1
          ],
          "face_bbox_min": [
            26.199999999999914,
            2.8421709430404007E-14,
            0.0
          ],
          "face_bbox_max": [
            26.200000000000056,
            154.00000000000003,
            0.2
          ],
          "loops": [
            {
              "is_outer": true,
              "edge_reference_keys": [
                "AQQBABAAAAAAAAAAAgAAAAgAAAAGAAAA",
                "AQQBABAAAAAAAAAAAgAAAAsAAAAGAAAA",
                "AQQBABAAAAAAAAAAAgAAAA4AAAAGAAAA",
                "AQQBABAAAAAAAAAAAgAAABAAAAAGAAAA"
              ]
            }
          ]
        },
        "entity_two": {
          "entity_type": "67119520",
          "proxy_context_occurrence": "1094892017-M35.ipt:5",
          "owner_document": "C:\\Users\\hrish\\Downloads\\Assemblies for Training ML model\\Assembly 67\\Workspaces\\1094892017-M1\\1094892017-M35.ipt",
          "reference_key_string": "AQQFADAAAAAAAAAAAgAAABMAAAADAAAAGQAAAAYAAAAdAAAABgAAACAAAAAGAAAAIQAAAAYAAAA=",
