{
  "assembly_metadata": {
    "assembly_name": "1094892017-M3.iam",
    "full_file_name": "C:\\Users\\hrish\\Downloads\\Assemblies for Training ML model\\Assembly 67\\Workspaces\\1094892017-M1\\1094892017-M3.iam",
    "internal_name": "{C0B77F46-470A-34DC-199F-A3A60DBF7205}",
    "total_occurrences": 27,
    "total_constraints": 39
  },
  "physics": {
    "mass_kg": 35.739214111789479,
    "center_of_mass": [
      -2.0713059608821811,
      18.381198002316186,
      6.89637203082524
    ],
    "inertia_tensor": [
      96118.5002606143,
      35752.33219558675,
      116033.49734625888,
      241.55865190379532,
      -14646.69893534416,
      -624.9955278793052
    ]
  },
  "assembly_graph": {
    "nodes": [
      {
        "node_id": "1094892017-M11.ipt:1",
        "file_name": "C:\\Users\\hrish\\Downloads\\Assemblies for Training ML model\\Assembly 67\\Workspaces\\1094892017-M1\\1094892017-M11.ipt",
        "component_type": "kPartDocumentObject",
        "grounded": true,
        "suppressed": false,
        "visible": true,
        "adaptive": true,
        "flexible": false,
        "dof_translation": 0,
        "dof_rotation": 0,
        "fully_constrained": false,
        "transform": {
          "rotation_matrix": [
            [
              0.99999999999999989,
              9.8607613152626476E-31,
              2.5153490401663722E-14
            ],
            [
              -4.4373425918681914E-31,
              1.0,
              3.1554436208840472E-30
            ],
            [
              -2.5153490401663668E-14,
              -2.5243548967072378E-29,
              0.99999999999999989
            ]
          ],
          "translation_cm": [
            0.0,
            -2.8421709430404007E-14,
            -2.8421709430404007E-14
          ]
        }
      },
      {
        "node_id": "1094892017-M15.ipt:2",
        "file_name": "C:\\Users\\hrish\\Downloads\\Assemblies for Training ML model\\Assembly 67\\Workspaces\\1094892017-M1\\1094892017-M15.ipt",
        "component_type": "kPartDocumentObject",
        "grounded": false,
        "suppressed": false,
        "visible": true,
        "adaptive": false,
        "flexible": false,
        "dof_translation": 0,
        "dof_rotation": 0,
        "fully_constrained": true,
        "transform": {
          "rotation_matrix": [
            [
              -1.0000000000000002,
              5.5511151231136895E-16,
              -2.4979226907807509E-14
            ],
            [
              -2.7755575615034017E-17,
              1.0000000000000002,
              4.7274624971595774E-16
            ],
            [
              2.5153490401663678E-14,
              -3.9904690668674814E-29,
              -0.99999999999999978
            ]
          ],
          "translation_cm": [
            31.450000000000024,
            -35.000000000000028,
            1.79999999999918
          ]
        }
      },
      {
        "node_id": "1094892017-M15.ipt:3",
        "file_name": "C:\\Users\\hrish\\Downloads\\Assemblies for Training ML model\\Assembly 67\\Workspaces\\1094892017-M1\\1094892017-M15.ipt",
        "component_type": "kPartDocumentObject",
        "grounded": false,
        "suppressed": false,
        "visible": true,
        "adaptive": false,
        "flexible": false,
        "dof_translation": 0,
        "dof_rotation": 1,
        "fully_constrained": false,
        "transform": {
          "rotation_matrix": [
            [
              -0.381609994451038,
              0.92432343480790191,
              -1.5554667069060556E-14
            ],
            [
              0.92432343480790191,
              0.381609994451038,
              -5.8437012464567372E-30
            ],
            [
              5.9358164139119172E-15,
              -1.4377543292567427E-14,
              -1.0
            ]
          ],
          "translation_cm": [
            16.450000000000014,
            39.39999999999997,
            1.799999999999558
          ]
        }
      },
      {
        "node_id": "1094892017-M15.ipt:4",
        "file_name": "C:\\Users\\hrish\\Downloads\\Assemblies for Training ML model\\Assembly 67\\Workspaces\\1094892017-M1\\1094892017-M15.ipt",
        "component_type": "kPartDocumentObject",
        "grounded": false,
        "suppressed": false,
        "visible": true,
        "adaptive": false,
        "flexible": false,
        "dof_translation": 0,
        "dof_rotation": 0,
        "fully_constrained": true,
        "transform": {
          "rotation_matrix": [
            [
              -1.0000000000000018,
              1.1102230246224941E-15,
              -2.5810116782355653E-14
            ],
            [
              1.6653345369485375E-16,
              1.0000000000000018,
              4.1418430150728503E-16
            ],
            [
              2.5153490401663715E-14,
              -4.898063553155092E-29,
              -0.99999999999999911
            ]
          ],
          "translation_cm": [
            16.450000000000031,
            -35.000000000000028,
            1.7999999999995566
          ]
        }
      },
      {
        "node_id": "1094892017-M15.ipt:5",
        "file_name": "C:\\Users\\hrish\\Downloads\\Assemblies for Training ML model\\Assembly 67\\Workspaces\\1094892017-M1\\1094892017-M15.ipt",
        "component_type": "kPartDocumentObject",
        "grounded": false,
        "suppressed": false,
        "visible": true,
        "adaptive": false,
        "flexible": false,
        "dof_translation": 0,
        "dof_rotation": 0,
        "fully_constrained": true,
        "transform": {
          "rotation_matrix": [
            [
              -1.0000000000000002,
              5.551115123126611E-17,
              -2.5153490401663643E-14
            ],
            [
              5.5511151231414416E-17,
              1.0000000000000002,
              -6.2986674499844053E-29
            ],
            [
              2.5153490401663678E-14,
              -2.5243548967068636E-29,
              -1.0
            ]
          ],
          "translation_cm": [
            31.450000000000028,
            39.39999999999997,
            1.7999999999991805
          ]
        }
      },
      {
        "node_id": "1094892017-M18.ipt:6",
        "file_name": "C:\\Users\\hrish\\Downloads\\Assemblies for Training ML model\\Assembly 67\\Workspaces\\1094892017-M1\\1094892017-M18.ipt",
        "component_type": "kPartDocumentObject",
        "grounded": false,
        "suppressed": false,
        "visible": true,
        "adaptive": false,
        "flexible": false,
        "dof_translation": 0,
        "dof_rotation": 0,
        "fully_constrained": true,
        "transform": {
          "rotation_matrix": [
            [
              -2.4825909305478571E-14,
              -4.3022684250448296E-30,
              0.99999999999999345
            ],
            [
              -1.431404047203537E-15,
              0.99999999999999478,
              -3.8857805861979254E-16
            ],
            [
              -0.99999999999999578,
              -2.1728290164851626E-16,
              -2.5439957065365767E-14
            ]
          ],
          "translation_cm": [
            -47.300000000000011,
            -76.800000000000011,
            -1.4999999999988713
          ]
        }
      },
      {
        "node_id": "1094892017-M9.ipt:7",
        "file_name": "C:\\Users\\hrish\\Downloads\\Assemblies for Training ML model\\Assembly 67\\Workspaces\\1094892017-M1\\1094892017-M9.ipt",
        "component_type": "kPartDocumentObject",
        "grounded": false,
        "suppressed": false,
        "visible": true,
        "adaptive": false,
        "flexible": false,
        "dof_translation": 0,
        "dof_rotation": 0,
        "fully_constrained": true,
        "transform": {
          "rotation_matrix": [
            [
              2.4764676965521162E-14,
              -1.000000000000008,
              5.428059389057489E-18
            ],
            [
              1.2407999258584798E-15,
              -3.1712026955843864E-15,
              -1.0000000000000022
            ],
            [
              0.99999999999999412,
              2.4565397859727406E-14,
              -9.5189054777620552E-16
            ]
          ],
          "translation_cm": [
            41.400000000000674,
            6.9000000000001132,
            -1.5000000000010387
          ]
        }
      },
      {
        "node_id": "1094892017-M8.ipt:8",
        "file_name": "C:\\Users\\hrish\\Downloads\\Assemblies for Training ML model\\Assembly 67\\Workspaces\\1094892017-M1\\1094892017-M8.ipt",
        "component_type": "kPartDocumentObject",
        "grounded": false,
        "suppressed": false,
        "visible": true,
        "adaptive": false,
        "flexible": false,
        "dof_translation": 0,
        "dof_rotation": 0,
        "fully_constrained": true,
        "transform": {
          "rotation_matrix": [
            [
              -2.4572219388687717E-14,
              -4.7535557844479962E-17,
              -0.99999999999999833
            ],
            [
              -1.3994032150906425E-15,
              -0.99999999999999745,
              4.7535557844517451E-17
            ],
            [
              -0.99999999999999567,
              1.3994032150903956E-15,
              2.4572219388687603E-14
            ]
          ],
          "translation_cm": [
            5.199999999999946,
            76.899999999999835,
            -1.5000000000003
          ]
        }
      },
      {
        "node_id": "1094892017-M10.ipt:9",
        "file_name": "C:\\Users\\hrish\\Downloads\\Assemblies for Training ML model\\Assembly 67\\Workspaces\\1094892017-M1\\1094892017-M10.ipt",
        "component_type": "kPartDocumentObject",
        "grounded": false,
        "suppressed": false,
        "visible": true,
        "adaptive": false,
        "flexible": false,
        "dof_translation": 0,
        "dof_rotation": 0,
        "fully_constrained": true,
        "transform": {
          "rotation_matrix": [
            [
              -2.488714164543615E-14,
              1.1241008124330351E-15,
              0.99999999999999922
            ],
            [
              -2.7921159859019563E-16,
              1.0000000000000018,
              -1.9592521594902742E-31
            ],
            [
              -1.000000000000004,
              6.5983202841786959E-17,
              -2.7331028001880363E-14
            ]
          ],
          "translation_cm": [
            5.5999999999999739,
            -76.900000000000063,
            -1.5000000000002371
          ]
        }
      },
      {
        "node_id": "1094892017-M16.ipt:10",
        "file_name": "C:\\Users\\hrish\\Downloads\\Assemblies for Training ML model\\Assembly 67\\Workspaces\\1094892017-M1\\1094892017-M16.ipt",
        "component_type": "kPartDocumentObject",
        "grounded": false,
        "suppressed": false,
        "visible": true,
        "adaptive": false,
        "flexible": false,
        "dof_translation": 0,
        "dof_rotation": 1,
        "fully_constrained": false,
        "transform": {
          "rotation_matrix": [
            [
              1.0,
              2.2619332146888678E-18,
              -2.2619332146888555E-18
            ],
            [
              2.2619332146888678E-18,
              -5.4985172186281359E-15,
              1.0
            ],
            [
              2.2619332146888555E-18,
              -1.0,
              -5.4985172186281359E-15
            ]
          ],
          "translation_cm": [
            -44.59999999999868,
            73.700000000000244,
            49.600000000001046
          ]
        }
      },
      {
        "node_id": "1094892017-M16.ipt:11",
        "file_name": "C:\\Users\\hrish\\Downloads\\Assemblies for Training ML model\\Assembly 67\\Workspaces\\1094892017-M1\\1094892017-M16.ipt",
        "component_type": "kPartDocumentObject",
        "grounded": false,
        "suppressed": false,
        "visible": true,
        "adaptive": false,
        "flexible": false,
        "dof_translation": 0,
        "dof_rotation": 1,
        "fully_constrained": false,
        "transform": {
          "rotation_matrix": [
            [
              -0.9659172669241296,
              -0.25885098697478726,
              -2.2619332146882546E-18
            ],
            [
              -1.4254814492884356E-15,
              5.3105272203074661E-15,
              1.0
            ],
            [
              -0.25885098697478726,
              0.9659172669241296,
              -5.4985172186281344E-15
            ]
          ],
          "translation_cm": [
            -44.599999999999831,
            73.699999999999989,
            2.7000000000010664
          ]
        }
      },
      {
        "node_id": "1094892017-M16.ipt:12",
        "file_name": "C:\\Users\\hrish\\Downloads\\Assemblies for Training ML model\\Assembly 67\\Workspaces\\1094892017-M1\\1094892017-M16.ipt",
        "component_type": "kPartDocumentObject",
        "grounded": false,
        "suppressed": false,
        "visible": true,
        "adaptive": false,
        "flexible": false,
        "dof_translation": 0,
        "dof_rotation": 1,
        "fully_constrained": false,
        "transform": {
          "rotation_matrix": [
            [
              1.0,
              2.2619332146888678E-18,
              -2.2619332146888555E-18
            ],
            [
              2.2619332146888678E-18,
              -5.4985172186281359E-15,
              1.0
            ],
            [
              2.2619332146888555E-18,
              -1.0,
              -5.4985172186281359E-15
            ]
          ],
          "translation_cm": [
            44.600000000000094,
            73.699999999999989,
            2.6999999999988185
          ]
        }
      },
      {
        "node_id": "1094892017-M16.ipt:13",
        "file_name": "C:\\Users\\hrish\\Downloads\\Assemblies for Training ML model\\Assembly 67\\Workspaces\\1094892017-M1\\1094892017-M16.ipt",
        "component_type": "kPartDocumentObject",
        "grounded": false,
        "suppressed": false,
        "visible": true,
        "adaptive": false,
        "flexible": false,
        "dof_translation": 0,
        "dof_rotation": 1,
        "fully_constrained": false,
        "transform": {
          "rotation_matrix": [
            [
              1.0,
              2.2619332146888678E-18,
              -2.2619332146888555E-18
            ],
            [
              2.2619332146888678E-18,
              -5.4985172186281359E-15,
              1.0
            ],
            [
              2.2619332146888555E-18,
              -1.0,
              -5.4985172186281359E-15
            ]
          ],
          "translation_cm": [
            44.600000000001273,
            73.700000000000244,
            49.5999999999988
          ]
        }
      },
      {
        "node_id": "1094892017-M15.ipt:14",
        "file_name": "C:\\Users\\hrish\\Downloads\\Assemblies for Training ML model\\Assembly 67\\Workspaces\\1094892017-M1\\1094892017-M15.ipt",
        "component_type": "kPartDocumentObject",
        "grounded": false,
        "suppressed": false,
        "visible": true,
        "adaptive": false,
        "flexible": false,
        "dof_translation": 0,
        "dof_rotation": 0,
        "fully_constrained": true,
        "transform": {
          "rotation_matrix": [
            [
              -1.0000000000000004,
              -2.7755575615641895E-16,
              2.5450262569417344E-14
            ],
            [
              1.1102230246287769E-16,
              -1.0000000000000007,
              -5.5087162851531689E-17
            ],
            [
              2.5153490401663684E-14,
              2.9432446596108764E-29,
              1.0
            ]
          ],
          "translation_cm": [
            -42.499999999999972,
            71.499999999999943,
            0.20000000000104054
          ]
        }
      },
      {
        "node_id": "1094892017-M15.ipt:15",
        "file_name": "C:\\Users\\hrish\\Downloads\\Assemblies for Training ML model\\Assembly 67\\Workspaces\\1094892017-M1\\1094892017-M15.ipt",
        "component_type": "kPartDocumentObject",
        "grounded": false,
        "suppressed": false,
        "visible": true,
        "adaptive": false,
        "flexible": false,
        "dof_translation": 0,
        "dof_rotation": 0,
        "fully_constrained": true,
        "transform": {
          "rotation_matrix": [
            [
              -0.99999999999999956,
              -5.7331373924401136E-28,
              2.5022075471851018E-14
            ],
            [
              -1.1102230246183644E-16,
              -0.99999999999999933,
              -1.0285542525718825E-16
            ],
            [
              2.5153490401663659E-14,
              2.8036147386431174E-29,
              1.0
            ]
          ],
          "translation_cm": [
            5.0306980803328124E-15,
            71.5,
            0.19999999999997151
          ]
        }
      },
      {
        "node_id": "1094892017-M15.ipt:16",
        "file_name": "C:\\Users\\hrish\\Downloads\\Assemblies for Training ML model\\Assembly 67\\Workspaces\\1094892017-M1\\1094892017-M15.ipt",
        "component_type": "kPartDocumentObject",
        "grounded": false,
        "suppressed": false,
        "visible": true,
        "adaptive": false,
        "flexible": false,
        "dof_translation": 0,
        "dof_rotation": 0,
        "fully_constrained": true,
        "transform": {
          "rotation_matrix": [
            [
              -0.99999999999999867,
              1.1102230246251509E-16,
              2.5201632590683318E-14
            ],
            [
              -5.551115123125816E-17,
              -0.99999999999999878,
              -1.2978259897058593E-16
            ],
            [
              2.5153490401663624E-14,
              2.3847249757391618E-29,
              0.99999999999999989
            ]
          ],
          "translation_cm": [
            -42.499999999999972,
            -0.50000000000003553,
            0.2000000000010406
          ]
        }
      },
      {
        "node_id": "1094892017-M15.ipt:17",
        "file_name": "C:\\Users\\hrish\\Downloads\\Assemblies for Training ML model\\Assembly 67\\Workspaces\\1094892017-M1\\1094892017-M15.ipt",
        "component_type": "kPartDocumentObject",
        "grounded": false,
        "suppressed": false,
        "visible": true,
        "adaptive": false,
        "flexible": false,
        "dof_translation": 0,
        "dof_rotation": 1,
        "fully_constrained": false,
        "transform": {
          "rotation_matrix": [
            [
              1.0000000000000007,
              3.3306690738753005E-16,
              -1.1634739219214046E-16
            ],
            [
              4.996003610813378E-16,
              0.99999999999999944,
              3.4180420733063578E-17
            ],
            [
              1.3877787807814435E-16,
              -2.5206571112139574E-29,
              0.99999999999999978
            ]
          ],
          "translation_cm": [
            42.499999999999964,
            -0.500000000000032,
            0.19999999999890247
          ]
        }
      },
      {
        "node_id": "1094892017-M15.ipt:18",
        "file_name": "C:\\Users\\hrish\\Downloads\\Assemblies for Training ML model\\Assembly 67\\Workspaces\\1094892017-M1\\1094892017-M15.ipt",
        "component_type": "kPartDocumentObject",
        "grounded": false,
        "suppressed": false,
        "visible": true,
        "adaptive": false,
        "flexible": false,
        "dof_translation": 0,
        "dof_rotation": 1,
        "fully_constrained": false,
        "transform": {
          "rotation_matrix": [
            [
              0.99999999999999967,
              5.5511151231283835E-17,
              6.027110851188262E-16
            ],
            [
              1.1102230246249179E-16,
              1.0,
              -8.4072813992393182E-17
            ],
            [
              -5.2735593669694936E-16,
              -2.5243548967072058E-29,
              1.0000000000000002
            ]
          ],
          "translation_cm": [
            42.499999999999964,
            -62.50000000000005,
            0.19999999999890253
          ]
        }
      },
      {
        "node_id": "1094892017-M15.ipt:19",
        "file_name": "C:\\Users\\hrish\\Downloads\\Assemblies for Training ML model\\Assembly 67\\Workspaces\\1094892017-M1\\1094892017-M15.ipt",
        "component_type": "kPartDocumentObject",
        "grounded": false,
        "suppressed": false,
        "visible": true,
        "adaptive": false,
        "flexible": false,
        "dof_translation": 0,
        "dof_rotation": 1,
        "fully_constrained": false,
        "transform": {
          "rotation_matrix": [
            [
              -0.46184692884101847,
              -0.8869596463876569,
              3.3966971572300142E-14
            ],
            [
              0.88695964638765723,
              -0.46184692884101908,
              5.9012877088072911E-18
            ],
            [
              1.5710317034628393E-14,
              3.0171072646601165E-14,
              0.99999999999999967
            ]
          ],
          "translation_cm": [
            -42.499999999999943,
            -62.500000000000021,
            0.20000000000104048
          ]
        }
      },
      {
        "node_id": "1094892017-M4.ipt:20",
        "file_name": "C:\\Users\\hrish\\Downloads\\Assemblies for Training ML model\\Assembly 67\\Workspaces\\1094892017-M1\\1094892017-M4.ipt",
        "component_type": "kPartDocumentObject",
        "grounded": false,
        "suppressed": false,
        "visible": true,
        "adaptive": false,
        "flexible": false,
        "dof_translation": 0,
        "dof_rotation": 0,
        "fully_constrained": true,
        "transform": {
          "rotation_matrix": [
            [
              -2.5153490401663678E-14,
              1.475096955351142E-27,
              1.0
            ],
            [
              -1.2621774483581241E-29,
              1.0,
              4.14205319598047E-28
            ],
            [
              -1.0,
              -2.5243548967109473E-29,
              -2.5153490401663671E-14
            ]
          ],
          "translation_cm": [
            45.29999999999999,
            -56.500000000000028,
            1.1499999999988324
          ]
        }
      },
      {
        "node_id": "1094892017-M4.ipt:21",
        "file_name": "C:\\Users\\hrish\\Downloads\\Assemblies for Training ML model\\Assembly 67\\Workspaces\\1094892017-M1\\1094892017-M4.ipt",
        "component_type": "kPartDocumentObject",
        "grounded": false,
        "suppressed": false,
        "visible": true,
        "adaptive": false,
        "flexible": false,
        "dof_translation": 0,
        "dof_rotation": 0,
        "fully_constrained": true,
        "transform": {
          "rotation_matrix": [
            [
              -2.5917952882493429E-14,
              6.6916372460722728E-28,
              0.99999999999999978
            ],
            [
              -4.0823551845207887E-29,
              0.99999999999999978,
              4.1420531959804687E-28
            ],
            [
              -1.0,
              -2.5243548967089703E-29,
              -2.5917952882493407E-14
            ]
          ],
          "translation_cm": [
            45.3,
            16.999999999999968,
            1.1499999999987978
          ]
        }
      },
      {
        "node_id": "1094892017-M15.ipt:22",
        "file_name": "C:\\Users\\hrish\\Downloads\\Assemblies for Training ML model\\Assembly 67\\Workspaces\\1094892017-M1\\1094892017-M15.ipt",
        "component_type": "kPartDocumentObject",
        "grounded": false,
        "suppressed": false,
        "visible": true,
        "adaptive": false,
        "flexible": false,
        "dof_translation": 0,
        "dof_rotation": 0,
        "fully_constrained": true,
        "transform": {
          "rotation_matrix": [
            [
              -1.0000000000000009,
              -6.66133814775376E-16,
              2.5324083559852126E-14
            ],
            [
              1.6653345369378033E-16,
              -1.0000000000000002,
              -4.1091934051247734E-17
            ],
            [
              2.51534904016637E-14,
              3.7810241854205992E-29,
              1.0000000000000004
            ]
          ],
          "translation_cm": [
            42.499999999999986,
            39.399999999999956,
            0.19999999999890247
          ]
        }
      },
      {
        "node_id": "1094892017-M15.ipt:23",
        "file_name": "C:\\Users\\hrish\\Downloads\\Assemblies for Training ML model\\Assembly 67\\Workspaces\\1094892017-M1\\1094892017-M15.ipt",
        "component_type": "kPartDocumentObject",
        "grounded": false,
        "suppressed": false,
        "visible": true,
        "adaptive": false,
        "flexible": false,
        "dof_translation": 0,
        "dof_rotation": 0,
        "fully_constrained": true,
        "transform": {
          "rotation_matrix": [
            [
              -0.99999999999999956,
              -6.6613381477535839E-16,
              2.5157039768920174E-14
            ],
            [
              2.408067057125534E-28,
              -0.99999999999999978,
              8.4157101702695414E-16
            ],
            [
              2.5153490401663652E-14,
              4.1999139483241885E-29,
              0.99999999999999833
            ]
          ],
          "translation_cm": [
            5.030698080332795E-15,
            39.399999999999991,
            0.19999999999997151
          ]
        }
      },
      {
        "node_id": "1094892017-M15.ipt:24",
        "file_name": "C:\\Users\\hrish\\Downloads\\Assemblies for Training ML model\\Assembly 67\\Workspaces\\1094892017-M1\\1094892017-M15.ipt",
        "component_type": "kPartDocumentObject",
        "grounded": false,
        "suppressed": false,
        "visible": true,
        "adaptive": false,
        "flexible": false,
        "dof_translation": 0,
        "dof_rotation": 1,
        "fully_constrained": false,
        "transform": {
          "rotation_matrix": [
            [
              0.90438347099522154,
              0.42672067841931266,
              2.4589762838682574E-15
            ],
            [
              -0.42672067841931205,
              0.90438347099522032,
              3.9336956293348528E-16
            ],
            [
              -2.3382840847228221E-15,
              -1.1032866068107307E-15,
              0.99999999999999967
            ]
          ],
          "translation_cm": [
            5.1831086829053139E-16,
            -0.50000000000003553,
            0.19999999999997151
          ]
        }
      },
      {
        "node_id": "1094892017-M4.ipt:25",
        "file_name": "C:\\Users\\hrish\\Downloads\\Assemblies for Training ML model\\Assembly 67\\Workspaces\\1094892017-M1\\1094892017-M4.ipt",
        "component_type": "kPartDocumentObject",
        "grounded": false,
        "suppressed": false,
        "visible": true,
        "adaptive": false,
        "flexible": false,
        "dof_translation": 0,
        "dof_rotation": 0,
        "fully_constrained": true,
        "transform": {
          "rotation_matrix": [
            [
              2.5153490401663703E-14,
              1.0000000000000002,
              -6.2502848391132967E-29
            ],
            [
              4.41762106923849E-29,
              4.0402476323582974E-28,
              1.0000000000000002
            ],
            [
              1.0,
              -2.5153490401663678E-14,
              -2.5243548967080959E-29
            ]
          ],
          "translation_cm": [
            45.299999999999955,
            55.299999999999983,
            0.19999999999882068
          ]
        }
      },
      {
        "node_id": "1094892017-M15.ipt:26",
        "file_name": "C:\\Users\\hrish\\Downloads\\Assemblies for Training ML model\\Assembly 67\\Workspaces\\1094892017-M1\\1094892017-M15.ipt",
        "component_type": "kPartDocumentObject",
        "grounded": false,
        "suppressed": false,
        "visible": true,
        "adaptive": false,
        "flexible": false,
        "dof_translation": 0,
        "dof_rotation": 0,
        "fully_constrained": true,
        "transform": {
          "rotation_matrix": [
            [
              -1.0,
              -3.6082248300434768E-16,
              -2.5329913378121613E-14
            ],
            [
              5.8724677254593792E-28,
              1.0000000000000002,
              -1.7038712934501569E-16
            ],
            [
              2.5153490401663671E-14,
              -1.6167604104103281E-29,
              -1.0000000000000002
            ]
          ],
          "translation_cm": [
            16.450000000000024,
            -28.600000000000023,
            1.7999999999995584
          ]
        }
      },
      {
        "node_id": "1094892017-M15.ipt:27",
        "file_name": "C:\\Users\\hrish\\Downloads\\Assemblies for Training ML model\\Assembly 67\\Workspaces\\1094892017-M1\\1094892017-M15.ipt",
        "component_type": "kPartDocumentObject",
        "grounded": false,
        "suppressed": false,
        "visible": true,
        "adaptive": false,
        "flexible": false,
        "dof_translation": 0,
        "dof_rotation": 1,
        "fully_constrained": false,
        "transform": {
          "rotation_matrix": [
            [
              0.96817061222074718,
              0.25029116171391469,
              -4.9546728653841893E-14
            ],
            [
              0.25029116171391486,
              -0.96817061222074741,
              -6.1217245652545573E-16
            ],
            [
              -4.795032989186037E-14,
              -1.2396104180099559E-14,
              -0.99999999999999956
            ]
          ],
          "translation_cm": [
            31.450000000000077,
            -28.600000000000019,
            1.7999999999991803
          ]
        }
      }
    ],
    "constraint_edges": [
      {
        "constraint_name": "Insert:30",
        "constraint_type": "kInsertConstraint",
        "suppressed": false,
        "health_status": "kUpToDateHealth",
        "node_one_id": "1094892017-M15.ipt:2",
        "node_two_id": "1094892017-M11.ipt:1",
        "axes_opposed": true,
        "lock_rotation": true,
        "entity_one": {
          "entity_type": "67120288",
          "proxy_context_occurrence": "1094892017-M15.ipt:2",
          "owner_document": "C:\\Users\\hrish\\Downloads\\Assemblies for Training ML model\\Assembly 67\\Workspaces\\1094892017-M1\\1094892017-M15.ipt",
          "reference_key_string": "AQQBABAAAAAAAAAAAgAAAAQAAAAGAAAA",
          "context_key_string": "nsIrpNQR6AFgAC2z7in7sAQAAB5AAADIMgIotS/9IIFFAwBkBQABAADtN0PA0xEdDmAAALgylIewAAABAQAAsS28CdARH+wACNywOz6oCQIBAACyBAAAAFQAZQBzAHQA4fZ/T4VNVXbdhWasn/2+CgD/////AAAAAAAABgBICM1Q4SAAYOo/XxjmxA==",
          "curve_type": "kCircleCurve",
          "length_cm": 2.0882166368411359,
          "edge_midpoint": [
            -0.33235000000000003,
            1.0689191252400605E-16,
            1.6
          ],
          "edge_tangent_at_mid": [
            3.2162452993532732E-16,
            1.0,
            0.0
          ],
          "edge_start_vertex": [
            0.33235000000000003,
            0.0,
            1.6
          ],
          "edge_end_vertex": [
            0.33235000000000003,
            0.0,
            1.6
          ]
        },
        "entity_two": {
          "entity_type": "67120288",
          "proxy_context_occurrence": "1094892017-M11.ipt:1",
          "owner_document": "C:\\Users\\hrish\\Downloads\\Assemblies for Training ML model\\Assembly 67\\Workspaces\\1094892017-M1\\1094892017-M11.ipt",
          "reference_key_string": "AQQBABAAAAAAAAAAAgAAAAQAAAAGAAAA",
          "context_key_string": "nsIrpNQR6AFgAC2z7in7sAQAAB5AAADIMgIotS/9IIFFAwBkBQABAADtN0PA0xEdDmAAALgylIewAAABAQAAsS28CdARH+wACNywOz6oCQIBAACyBAAAAFQAZQBzAHQAZaljCExMt7/kQ9mh1sZMkgD/////AAAAAAAABgBICM1Q4SAAYOo/XxjmxA==",
          "curve_type": "kCircleCurve",
          "length_cm": 3.4557519189487729,
          "edge_midpoint": [
            30.899999999999995,
            -35.0,
            0.2
          ],
          "edge_tangent_at_mid": [
            0.0,
            1.0,
            0.0
          ],
          "edge_start_vertex": [
            31.999999999999996,
            -35.0,
            0.2
          ],
          "edge_end_vertex": [
            31.999999999999996,
            -35.0,
            0.2
          ]
        }
      },
      {
        "constraint_name": "Insert:31",
        "constraint_type": "kInsertConstraint",
        "suppressed": false,
        "health_status": "kUpToDateHealth",
        "node_one_id": "1094892017-M15.ipt:5",
        "node_two_id": "1094892017-M11.ipt:1",
        "axes_opposed": true,
        "lock_rotation": true,
        "entity_one": {
          "entity_type": "67120288",
          "proxy_context_occurrence": "1094892017-M15.ipt:5",
          "owner_document": "C:\\Users\\hrish\\Downloads\\Assemblies for Training ML model\\Assembly 67\\Workspaces\\1094892017-M1\\1094892017-M15.ipt",
          "reference_key_string": "AQQBABAAAAAAAAAAAgAAAAQAAAAGAAAA",
          "context_key_string": "nsIrpNQR6AFgAC2z7in7sAQAAB5AAADIMgIotS/9IIFFAwBkBQABAADtN0PA0xEdDmAAALgylIewAAABAQAAsS28CdARH+wACNywOz6oCQIBAACyBAAAAFQAZQBzAHQA4fZ/T4VNVXbdhWasn/2+CgD/////AAAAAAAABgBICM1Q4SAAYOo/XxjmxA==",
          "curve_type": "kCircleCurve",
          "length_cm": 2.0882166368411359,
          "edge_midpoint": [
            -0.33235000000000003,
            1.0689191252400605E-16,
            1.6
          ],
          "edge_tangent_at_mid": [
            3.2162452993532732E-16,
            1.0,
            0.0
          ],
          "edge_start_vertex": [
            0.33235000000000003,
            0.0,
            1.6
          ],
          "edge_end_vertex": [
            0.33235000000000003,
            0.0,
            1.6
          ]
        },
        "entity_two": {
          "entity_type": "67120288",
          "proxy_context_occurrence": "1094892017-M11.ipt:1",
          "owner_document": "C:\\Users\\hrish\\Downloads\\Assemblies for Training ML model\\Assembly 67\\Workspaces\\1094892017-M1\\1094892017-M11.ipt",
          "reference_key_string": "AQQBABAAAAAAAAAAAgAAAAcAAAAGAAAA",
          "context_key_string": "nsIrpNQR6AFgAC2z7in7sAQAAB5AAADIMgIotS/9IIFFAwBkBQABAADtN0PA0xEdDmAAALgylIewAAABAQAAsS28CdARH+wACNywOz6oCQIBAACyBAAAAFQAZQBzAHQAZaljCExMt7/kQ9mh1sZMkgD/////AAAAAAAABgBICM1Q4SAAYOo/XxjmxA==",
          "curve_type": "kCircleCurve",
          "length_cm": 3.4557519189487729,
          "edge_midpoint": [
            30.9,
            39.4,
            0.2
          ],
          "edge_tangent_at_mid": [
            0.0,
            1.0,
            0.0
          ],
          "edge_start_vertex": [
            32.0,
            39.4,
            0.2
          ],
          "edge_end_vertex": [
            32.0,
            39.4,
            0.2
          ]
        }
      },
      {
        "constraint_name": "Insert:34",
        "constraint_type": "kInsertConstraint",
        "suppressed": false,
        "health_status": "kUpToDateHealth",
        "node_one_id": "1094892017-M15.ipt:4",
        "node_two_id": "1094892017-M11.ipt:1",
        "axes_opposed": true,
        "lock_rotation": true,
        "entity_one": {
          "entity_type": "67120288",
          "proxy_context_occurrence": "1094892017-M15.ipt:4",
          "owner_document": "C:\\Users\\hrish\\Downloads\\Assemblies for Training ML model\\Assembly 67\\Workspaces\\1094892017-M1\\1094892017-M15.ipt",
          "reference_key_string": "AQQBABAAAAAAAAAAAgAAAAQAAAAGAAAA",
          "context_key_string": "nsIrpNQR6AFgAC2z7in7sAQAAB5AAADIMgIotS/9IIFFAwBkBQABAADtN0PA0xEdDmAAALgylIewAAABAQAAsS28CdARH+wACNywOz6oCQIBAACyBAAAAFQAZQBzAHQA4fZ/T4VNVXbdhWasn/2+CgD/////AAAAAAAABgBICM1Q4SAAYOo/XxjmxA==",
          "curve_type": "kCircleCurve",
          "length_cm": 2.0882166368411359,
          "edge_midpoint": [
            -0.33235000000000003,
            1.0689191252400605E-16,
            1.6
          ],
          "edge_tangent_at_mid": [
            3.2162452993532732E-16,
            1.0,
            0.0
          ],
          "edge_start_vertex": [
            0.33235000000000003,
            0.0,
            1.6
          ],
          "edge_end_vertex": [
            0.33235000000000003,
            0.0,
            1.6
          ]
        },
        "entity_two": {
          "entity_type": "67120288",
          "proxy_context_occurrence": "1094892017-M11.ipt:1",
          "owner_document": "C:\\Users\\hrish\\Downloads\\Assemblies for Training ML model\\Assembly 67\\Workspaces\\1094892017-M1\\1094892017-M11.ipt",
          "reference_key_string": "AQQBABAAAAAAAAAAAgAAAAoAAAAGAAAA",
          "context_key_string": "nsIrpNQR6AFgAC2z7in7sAQAAB5AAADIMgIotS/9IIFFAwBkBQABAADtN0PA0xEdDmAAALgylIewAAABAQAAsS28CdARH+wACNywOz6oCQIBAACyBAAAAFQAZQBzAHQAZaljCExMt7/kQ9mh1sZMkgD/////AAAAAAAABgBICM1Q4SAAYOo/XxjmxA==",
          "curve_type": "kCircleCurve",
          "length_cm": 3.4557519189487729,
          "edge_midpoint": [
            15.899999999999995,
            -35.0,
            0.2
          ],
          "edge_tangent_at_mid": [
            0.0,
            1.0,
            0.0
          ],
          "edge_start_vertex": [
            16.999999999999996,
            -35.0,
            0.2
          ],
          "edge_end_vertex": [
            16.999999999999996,
            -35.0,
            0.2
          ]
        }
      },
      {
        "constraint_name": "Insert:36",
        "constraint_type": "kInsertConstraint",
        "suppressed": false,
        "health_status": "kUpToDateHealth",
        "node_one_id": "1094892017-M15.ipt:3",
        "node_two_id": "1094892017-M11.ipt:1",
        "axes_opposed": true,
        "lock_rotation": false,
        "entity_one": {
          "entity_type": "67120288",
          "proxy_context_occurrence": "1094892017-M15.ipt:3",
          "owner_document": "C:\\Users\\hrish\\Downloads\\Assemblies for Training ML model\\Assembly 67\\Workspaces\\1094892017-M1\\1094892017-M15.ipt",
