{
  "assembly_metadata": {
    "assembly_name": "1096994921-M1.iam",
    "full_file_name": "C:\\Users\\hrish\\Downloads\\Assemblies for Training ML model\\Assembly 83\\Workspaces\\1096994921-M1\\1096994921-M1.iam",
    "internal_name": "{82154A5A-4091-F7AF-7BD8-EE91C913CBBB}",
    "total_occurrences": 20,
    "total_constraints": 52
  },
  "physics": {
    "mass_kg": 13.400026688927642,
    "center_of_mass": [
      -11.862566936544649,
      -5.9750215265598987,
      6.5376412378675548
    ],
    "inertia_tensor": [
      20892.23661561076,
      17288.083224222875,
      7224.0618711872849,
      -18.943794234440663,
      -1126.7285209368483,
      922.87910827989663
    ]
  },
  "assembly_graph": {
    "nodes": [
      {
        "node_id": "1096994921-M2.ipt:1",
        "file_name": "C:\\Users\\hrish\\Downloads\\Assemblies for Training ML model\\Assembly 83\\Workspaces\\1096994921-M1\\1096994921-M2.ipt",
        "component_type": "kPartDocumentObject",
        "grounded": true,
        "suppressed": false,
        "visible": true,
        "adaptive": false,
        "flexible": false,
        "dof_translation": 0,
        "dof_rotation": 0,
        "fully_constrained": false,
        "transform": {
          "rotation_matrix": [
            [
              1.0000000000000009,
              -3.8857805863237127E-16,
              4.3577518330031682E-12
            ],
            [
              -5.5511151217433674E-17,
              0.99999999999999978,
              8.76281654455407E-17
            ],
            [
              -4.357773401378359E-12,
              5.5511151230983088E-17,
              1.0000000000000002
            ]
          ],
          "translation_cm": [
            -0.77298016473416586,
            -5.030794095207674,
            1.0835134664419335
          ]
        }
      },
      {
        "node_id": "1096994921-M3.ipt:2",
        "file_name": "C:\\Users\\hrish\\Downloads\\Assemblies for Training ML model\\Assembly 83\\Workspaces\\1096994921-M1\\1096994921-M3.ipt",
        "component_type": "kPartDocumentObject",
        "grounded": false,
        "suppressed": false,
        "visible": true,
        "adaptive": false,
        "flexible": false,
        "dof_translation": 0,
        "dof_rotation": 0,
        "fully_constrained": true,
        "transform": {
          "rotation_matrix": [
            [
              5.92049774612972E-15,
              4.3477268059918559E-12,
              -0.999999999999996
            ],
            [
              -0.99999999999999478,
              9.0894490219182226E-16,
              -5.4764085362763222E-15
            ],
            [
              7.65805585491283E-16,
              0.99999999999999512,
              4.3477483743670475E-12
            ]
          ],
          "translation_cm": [
            -16.935480164572787,
            -21.355794095207806,
            38.08351346651218
          ]
        }
      },
      {
        "node_id": "1096994921-M4.ipt:3",
        "file_name": "C:\\Users\\hrish\\Downloads\\Assemblies for Training ML model\\Assembly 83\\Workspaces\\1096994921-M1\\1096994921-M4.ipt",
        "component_type": "kPartDocumentObject",
        "grounded": false,
        "suppressed": false,
        "visible": true,
        "adaptive": false,
        "flexible": false,
        "dof_translation": 0,
        "dof_rotation": 0,
        "fully_constrained": true,
        "transform": {
          "rotation_matrix": [
            [
              -1.0000000000000009,
              3.8857805862156654E-16,
              4.3579516731475962E-12
            ],
            [
              5.5511151227835151E-17,
              -0.99999999999999856,
              8.76281651682537E-17
            ],
            [
              4.3579732415227919E-12,
              -5.5511151506906757E-17,
              0.99999999999999911
            ]
          ],
          "translation_cm": [
            -28.197980164894506,
            20.344205904794336,
            -36.091486533438555
          ]
        }
      },
      {
        "node_id": "1096994921-M4.ipt:4",
        "file_name": "C:\\Users\\hrish\\Downloads\\Assemblies for Training ML model\\Assembly 83\\Workspaces\\1096994921-M1\\1096994921-M4.ipt",
        "component_type": "kPartDocumentObject",
        "grounded": false,
        "suppressed": false,
        "visible": true,
        "adaptive": false,
        "flexible": false,
        "dof_translation": 0,
        "dof_rotation": 0,
        "fully_constrained": true,
        "transform": {
          "rotation_matrix": [
            [
              -1.0000000000000016,
              6.65349112319962E-14,
              4.3579516731476051E-12
            ],
            [
              -6.3575181603400535E-14,
              -0.99999999999999645,
              -5.2299449809841442E-16
            ],
            [
              4.3600043132387131E-12,
              -5.5511151519369317E-17,
              1.0000000000000011
            ]
          ],
          "translation_cm": [
            -28.197980164936283,
            20.344205904792616,
            -45.291486533438544
          ]
        }
      },
      {
        "node_id": "1096994921-M5.ipt:18",
        "file_name": "C:\\Users\\hrish\\Downloads\\Assemblies for Training ML model\\Assembly 83\\Workspaces\\1096994921-M1\\1096994921-M5.ipt",
        "component_type": "kPartDocumentObject",
        "grounded": false,
        "suppressed": false,
        "visible": true,
        "adaptive": false,
        "flexible": false,
        "dof_translation": 0,
        "dof_rotation": 0,
        "fully_constrained": true,
        "transform": {
          "rotation_matrix": [
            [
              1.0000000000001104,
              -6.1777939928688888E-14,
              -5.2720605658867157E-12
            ],
            [
              -6.13060951432567E-14,
              -1.0000000000000493,
              -8.7628164852261381E-17
            ],
            [
              -5.2718940324330244E-12,
              -7.4882197640755243E-16,
              -1.0000000000001066
            ]
          ],
          "translation_cm": [
            -25.547980164542473,
            21.869205904792651,
            44.233513466548743
          ]
        }
      },
      {
        "node_id": "0129317700-M2.ipt:19",
        "file_name": "C:\\Users\\hrish\\Downloads\\Assemblies for Training ML model\\Assembly 83\\Workspaces\\1096994921-M1\\0129317700-M2.ipt",
        "component_type": "kPartDocumentObject",
        "grounded": false,
        "suppressed": false,
        "visible": true,
        "adaptive": false,
        "flexible": false,
        "dof_translation": 0,
        "dof_rotation": 1,
        "fully_constrained": false,
        "transform": {
          "rotation_matrix": [
            [
              7.4476902558375342E-14,
              0.580583945087797,
              -0.81420039468566441
            ],
            [
              1.0,
              -4.33114407921441E-14,
              6.05882479524525E-14
            ],
            [
              -8.762816561285316E-17,
              -0.81420039468566441,
              -0.580583945087797
            ]
          ],
          "translation_cm": [
            -26.947980164563525,
            20.976301831674654,
            40.233513466555685
          ]
        }
      },
      {
        "node_id": "0129317700-M2.ipt:20",
        "file_name": "C:\\Users\\hrish\\Downloads\\Assemblies for Training ML model\\Assembly 83\\Workspaces\\1096994921-M1\\0129317700-M2.ipt",
        "component_type": "kPartDocumentObject",
        "grounded": false,
        "suppressed": false,
        "visible": true,
        "adaptive": false,
        "flexible": false,
        "dof_translation": 0,
        "dof_rotation": 1,
        "fully_constrained": false,
        "transform": {
          "rotation_matrix": [
            [
              7.4895403653565355E-14,
              0.96644346695319094,
              0.25687939812972876
            ],
            [
              0.99999999999999989,
              -7.19006803906928E-14,
              -1.9201776724260314E-14
            ],
            [
              -1.3075487555047763E-15,
              0.25687939812972854,
              -0.96644346695319294
            ]
          ],
          "translation_cm": [
            -26.94798016454769,
            20.976301831674657,
            43.233513466556
          ]
        }
      },
      {
        "node_id": "0298100114-M1:1",
        "file_name": "C:\\Users\\hrish\\Downloads\\Assemblies for Training ML model\\Assembly 83\\Workspaces\\1096994921-M1\\0298100114-M1.ipt",
        "component_type": "kPartDocumentObject",
        "grounded": false,
        "suppressed": false,
        "visible": true,
        "adaptive": false,
        "flexible": false,
        "dof_translation": 0,
        "dof_rotation": 0,
        "fully_constrained": true,
        "transform": {
          "rotation_matrix": [
            [
              3.7741883547234626E-12,
              2.1784164462494172E-12,
              -1.0
            ],
            [
              -0.50000000000001,
              0.86602540378443249,
              -5.3019488796940256E-16
            ],
            [
              0.86602540378443249,
              0.50000000000001,
              4.3577512169826254E-12
            ]
          ],
          "translation_cm": [
            -0.80098016459558907,
            -12.53079409520763,
            32.883513466441954
          ]
        }
      },
      {
        "node_id": "0298100114-M1:2",
        "file_name": "C:\\Users\\hrish\\Downloads\\Assemblies for Training ML model\\Assembly 83\\Workspaces\\1096994921-M1\\0298100114-M1.ipt",
        "component_type": "kPartDocumentObject",
        "grounded": false,
        "suppressed": false,
        "visible": true,
        "adaptive": false,
        "flexible": false,
        "dof_translation": 0,
        "dof_rotation": 0,
        "fully_constrained": true,
        "transform": {
          "rotation_matrix": [
            [
              -5.3019488796798892E-16,
              -4.3577512169826238E-12,
              -1.0
            ],
            [
              1.0,
              1.1674349118665739E-16,
              -5.3019488796798892E-16
            ],
            [
              1.1674349118896787E-16,
              -1.0,
              4.3577512169826238E-12
            ]
          ],
          "translation_cm": [
            -0.80098016459559707,
            2.4692059047927897,
            32.883513466442061
          ]
        }
      },
      {
        "node_id": "0298100114-M1:3",
        "file_name": "C:\\Users\\hrish\\Downloads\\Assemblies for Training ML model\\Assembly 83\\Workspaces\\1096994921-M1\\0298100114-M1.ipt",
        "component_type": "kPartDocumentObject",
        "grounded": false,
        "suppressed": false,
        "visible": true,
        "adaptive": false,
        "flexible": false,
        "dof_translation": 0,
        "dof_rotation": 0,
        "fully_constrained": true,
        "transform": {
          "rotation_matrix": [
            [
              3.7736581598355188E-12,
              -2.1793347707332555E-12,
              -1.0
            ],
            [
              0.50000000000000144,
              0.86602540378443793,
              -5.30194887968353E-16
            ],
            [
              0.86602540378443793,
              -0.50000000000000144,
              4.357751216982623E-12
            ]
          ],
          "translation_cm": [
            -0.8009801646208603,
            -19.530794095207622,
            27.083513466442149
          ]
        }
      },
      {
        "node_id": "0298100114-M1:4",
        "file_name": "C:\\Users\\hrish\\Downloads\\Assemblies for Training ML model\\Assembly 83\\Workspaces\\1096994921-M1\\0298100114-M1.ipt",
        "component_type": "kPartDocumentObject",
        "grounded": false,
        "suppressed": false,
        "visible": true,
        "adaptive": false,
        "flexible": false,
        "dof_translation": 0,
        "dof_rotation": 0,
        "fully_constrained": true,
        "transform": {
          "rotation_matrix": [
            [
              -5.3019488796798892E-16,
              -4.3577512169826238E-12,
              -1.0
            ],
            [
              1.0,
              1.1674349118665739E-16,
              -5.3019488796798892E-16
            ],
            [
              1.1674349118896787E-16,
              -1.0,
              4.3577512169826238E-12
            ]
          ],
          "translation_cm": [
            -0.80098016462087462,
            7.469205904792406,
            27.08351346644206
          ]
        }
      },
      {
        "node_id": "0298100114-M1:5",
        "file_name": "C:\\Users\\hrish\\Downloads\\Assemblies for Training ML model\\Assembly 83\\Workspaces\\1096994921-M1\\0298100114-M1.ipt",
        "component_type": "kPartDocumentObject",
        "grounded": false,
        "suppressed": false,
        "visible": true,
        "adaptive": false,
        "flexible": false,
        "dof_translation": 0,
        "dof_rotation": 0,
        "fully_constrained": true,
        "transform": {
          "rotation_matrix": [
            [
              3.7741883547234763E-12,
              2.1784164462494018E-12,
              -1.0
            ],
            [
              -0.500000000000006,
              0.86602540378443515,
              -5.3019488796916078E-16
            ],
            [
              0.86602540378443515,
              0.500000000000006,
              4.3577512169826254E-12
            ]
          ],
          "translation_cm": [
            -0.80098016486489443,
            -19.530794095207597,
            -28.916486533558054
          ]
        }
      },
      {
        "node_id": "0298100114-M1:6",
        "file_name": "C:\\Users\\hrish\\Downloads\\Assemblies for Training ML model\\Assembly 83\\Workspaces\\1096994921-M1\\0298100114-M1.ipt",
        "component_type": "kPartDocumentObject",
        "grounded": false,
        "suppressed": false,
        "visible": true,
        "adaptive": false,
        "flexible": false,
        "dof_translation": 0,
        "dof_rotation": 0,
        "fully_constrained": true,
        "transform": {
          "rotation_matrix": [
            [
              3.77418835472348E-12,
              2.1784164462493776E-12,
              -1.0
            ],
            [
              -0.50000000000000067,
              0.866025403784437,
              -5.30194887969482E-16
            ],
            [
              0.866025403784437,
              0.50000000000000067,
              4.3577512169826222E-12
            ]
          ],
          "translation_cm": [
            -0.80098016489191615,
            -12.530794095207707,
            -35.116486533557961
          ]
        }
      },
      {
        "node_id": "0298100114-M1:7",
        "file_name": "C:\\Users\\hrish\\Downloads\\Assemblies for Training ML model\\Assembly 83\\Workspaces\\1096994921-M1\\0298100114-M1.ipt",
        "component_type": "kPartDocumentObject",
        "grounded": false,
        "suppressed": false,
        "visible": true,
        "adaptive": false,
        "flexible": false,
        "dof_translation": 0,
        "dof_rotation": 0,
        "fully_constrained": true,
        "transform": {
          "rotation_matrix": [
            [
              3.7741883547235918E-12,
              2.1784164462491967E-12,
              -1.0
            ],
            [
              -0.49999999999995876,
              0.8660254037844618,
              -5.3019488796956428E-16
            ],
            [
              0.86602540378446191,
              0.49999999999995876,
              4.3577512169826254E-12
            ]
          ],
          "translation_cm": [
            -0.80098016486490875,
            7.469205904792692,
            -28.916486533558544
          ]
        }
      },
      {
        "node_id": "0298100114-M1:8",
        "file_name": "C:\\Users\\hrish\\Downloads\\Assemblies for Training ML model\\Assembly 83\\Workspaces\\1096994921-M1\\0298100114-M1.ipt",
        "component_type": "kPartDocumentObject",
        "grounded": false,
        "suppressed": false,
        "visible": true,
        "adaptive": false,
        "flexible": false,
        "dof_translation": 0,
        "dof_rotation": 0,
        "fully_constrained": true,
        "transform": {
          "rotation_matrix": [
            [
              3.7741883547234828E-12,
              2.1784164462493756E-12,
              -1.0
            ],
            [
              -0.50000000000000022,
              0.8660254037844376,
              -5.301948879685147E-16
            ],
            [
              0.8660254037844376,
              0.50000000000000022,
              4.3577512169826246E-12
            ]
          ],
          "translation_cm": [
            -0.80098016489192414,
            2.46920590479235,
            -35.116486533558039
          ]
        }
      },
      {
        "node_id": "0298100114-M1:9",
        "file_name": "C:\\Users\\hrish\\Downloads\\Assemblies for Training ML model\\Assembly 83\\Workspaces\\1096994921-M1\\0298100114-M1.ipt",
        "component_type": "kPartDocumentObject",
        "grounded": false,
        "suppressed": false,
        "visible": true,
        "adaptive": false,
        "flexible": false,
        "dof_translation": 0,
        "dof_rotation": 0,
        "fully_constrained": true,
        "transform": {
          "rotation_matrix": [
            [
              0.86602540378225523,
              -0.5000000000037802,
              -6.3575181603400838E-14
            ],
            [
              5.5013908236030812E-14,
              -3.1863479019063475E-14,
              1.0
            ],
            [
              -0.5000000000037802,
              -0.86602540378225523,
              -8.7628165168489045E-17
            ]
          ],
          "translation_cm": [
            -28.697980164753588,
            20.372205904792558,
            -3.3664865334363743
          ]
        }
      },
      {
        "node_id": "0298100115-M1:1",
        "file_name": "C:\\Users\\hrish\\Downloads\\Assemblies for Training ML model\\Assembly 83\\Workspaces\\1096994921-M1\\0298100115-M1.ipt",
        "component_type": "kPartDocumentObject",
        "grounded": false,
        "suppressed": false,
        "visible": true,
        "adaptive": false,
        "flexible": false,
        "dof_translation": 0,
        "dof_rotation": 0,
        "fully_constrained": true,
        "transform": {
          "rotation_matrix": [
            [
              0.86602540378443826,
              0.49999999999999967,
              5.8455008285157294E-13
            ],
            [
              -0.49999999999999967,
              0.86602540378443826,
              2.8550502166710605E-17
            ],
            [
              -5.0622094628267535E-13,
              -2.9229976688595308E-13,
              1.0
            ]
          ],
          "translation_cm": [
            -5.6229801644989124,
            13.469205904792311,
            54.9865134664631
          ]
        }
      },
      {
        "node_id": "0298100115-M1:2",
        "file_name": "C:\\Users\\hrish\\Downloads\\Assemblies for Training ML model\\Assembly 83\\Workspaces\\1096994921-M1\\0298100115-M1.ipt",
        "component_type": "kPartDocumentObject",
        "grounded": false,
        "suppressed": false,
        "visible": true,
        "adaptive": false,
        "flexible": false,
        "dof_translation": 0,
        "dof_rotation": 0,
        "fully_constrained": true,
        "transform": {
          "rotation_matrix": [
            [
              0.86602540378443016,
              -0.50000000000001465,
              5.8455008285160889E-13
            ],
            [
              0.50000000000001465,
              0.86602540378443016,
              2.8550502165650388E-17
            ],
            [
              -5.0624949678487175E-13,
              2.9225031596564657E-13,
              1.0
            ]
          ],
          "translation_cm": [
            -25.572980164499143,
            13.469205904792199,
            54.98651346655015
          ]
        }
      },
      {
        "node_id": "0298100115-M1:3",
        "file_name": "C:\\Users\\hrish\\Downloads\\Assemblies for Training ML model\\Assembly 83\\Workspaces\\1096994921-M1\\0298100115-M1.ipt",
        "component_type": "kPartDocumentObject",
        "grounded": false,
        "suppressed": false,
        "visible": true,
        "adaptive": false,
        "flexible": false,
        "dof_translation": 0,
        "dof_rotation": 0,
        "fully_constrained": true,
        "transform": {
          "rotation_matrix": [
            [
              0.86602540378443693,
              0.50000000000000322,
              5.84550082851579E-13
            ],
            [
              -0.50000000000000322,
              0.86602540378443693,
              2.8550502166112907E-17
            ],
            [
              -5.062209462826804E-13,
              -2.9229976688595878E-13,
              1.0
            ]
          ],
          "translation_cm": [
            -25.57298016449899,
            -18.680794095207634,
            54.98651346655015
          ]
        }
      },
      {
        "node_id": "0298100115-M1:4",
        "file_name": "C:\\Users\\hrish\\Downloads\\Assemblies for Training ML model\\Assembly 83\\Workspaces\\1096994921-M1\\0298100115-M1.ipt",
        "component_type": "kPartDocumentObject",
        "grounded": false,
        "suppressed": false,
        "visible": true,
        "adaptive": false,
        "flexible": false,
        "dof_translation": 0,
        "dof_rotation": 0,
        "fully_constrained": true,
        "transform": {
          "rotation_matrix": [
            [
              0.86602540378443871,
              -0.49999999999999972,
              5.8455008285157173E-13
            ],
            [
              0.49999999999999972,
              0.8660254037844386,
              2.85505021671849E-17
            ],
            [
              -5.0624949678484115E-13,
              2.9225031596561759E-13,
              1.0
            ]
          ],
          "translation_cm": [
            -5.62298016449892,
            -18.680794095207666,
            54.9865134664631
          ]
        }
      }
    ],
    "constraint_edges": [
      {
        "constraint_name": "Mate:8",
        "constraint_type": "kMateConstraint",
        "suppressed": false,
        "health_status": "kUpToDateHealth",
        "node_one_id": "1096994921-M3.ipt:2",
        "node_two_id": "1096994921-M2.ipt:1",
        "offset_cm": 0.0,
        "solution": "kNoSolutionType",
        "entity_one": {
          "entity_type": "67119520",
          "proxy_context_occurrence": "1096994921-M3.ipt:2",
          "owner_document": "C:\\Users\\hrish\\Downloads\\Assemblies for Training ML model\\Assembly 83\\Workspaces\\1096994921-M1\\1096994921-M3.ipt",
          "reference_key_string": "AQQGADgAAAAAAAAAAgAAAAEAAAADAAAACAAAAAYAAAAMAAAABgAAAA8AAAAGAAAAEQAAAAYAAAASAAAABgAAAA==",
          "context_key_string": "nsIrpNQR6AFgAC2z7in7sAQAAB5AAADIMgIotS/9IIFFAwBkBQABAADtN0PA0xEdDmAAALgylIewAAABAQAAsS28CdARH+wACNywOz6oCQIBAACyBAAAAFQAZQBzAHQA6DaHJiFBY+1S/AKr5eX5JQD/////AAAAAAAABgBICM1Q4SAAYOo/XxjmxA==",
          "surface_type": "kPlaneSurface",
          "area_cm2": 41.345207769836286,
          "face_normal_at_center": [
            7.0991819940610307E-15,
            1.0,
            -1.6709775482901961E-31
          ],
          "face_point_at_center": [
            -1.0374999999999694,
            16.875000000000011,
            -2.3316941738241539
          ],
          "face_bbox_min": [
            -1.7999999999999687,
            16.875,
            -15.887500000000001
          ],
          "face_bbox_max": [
            -0.2749999999999686,
            16.875000000000014,
            11.224111652351693
          ],
          "loops": [
            {
              "is_outer": true,
              "edge_reference_keys": [
                "AQQBABAAAAAAAAAAAgAAAAgAAAAGAAAA",
                "AQQBABAAAAAAAAAAAgAAAAwAAAAGAAAA",
                "AQQBABAAAAAAAAAAAgAAAA8AAAAGAAAA",
                "AQQBABAAAAAAAAAAAgAAABEAAAAGAAAA",
                "AQQBABAAAAAAAAAAAgAAABIAAAAGAAAA"
              ]
            }
          ]
        },
        "entity_two": {
          "entity_type": "67119520",
          "proxy_context_occurrence": "1096994921-M2.ipt:1",
          "owner_document": "C:\\Users\\hrish\\Downloads\\Assemblies for Training ML model\\Assembly 83\\Workspaces\\1096994921-M1\\1096994921-M2.ipt",
          "reference_key_string": "AQQZANAAAAAAAAAAAgAAAAEAAAADAAAACQAAAAYAAAANAAAABgAAAA8AAAAGAAAAEAAAAAYAAAATAAAABgAAABYAAAAGAAAAHAAAAAYAAAAfAAAABgAAACIAAAAGAAAAJQAAAAYAAAAnAAAABgAAACgAAAAGAAAALgAAAAYAAAAxAAAABgAAADQAAAAGAAAANwAAAAYAAAA5AAAABgAAADoAAAAGAAAAQAAAAAYAAABDAAAABgAAAEYAAAAGAAAASQAAAAYAAABLAAAABgAAAEwAAAAGAAAA",
          "context_key_string": "nsIrpNQR6AFgAC2z7in7sAQAAB5AAADIMgIotS/9IIFFAwBkBQABAADtN0PA0xEdDmAAALgylIewAAABAQAAsS28CdARH+wACNywOz6oCQIBAACyBAAAAFQAZQBzAHQA7oG70ylEBsAVxVqVEjJmjgD/////AAAAAAAABgBICM1Q4SAAYOo/XxjmxA==",
          "surface_type": "kPlaneSurface",
          "area_cm2": 1076.1390092123886,
          "face_normal_at_center": [
            -5.3744183989920667E-15,
            -8.4955075734713175E-17,
            -1.0
          ],
          "face_point_at_center": [
            -13.862500000000017,
            4.4500000000000011,
            53.875000000000071
          ],
          "face_bbox_min": [
            -27.450000000000021,
            -16.325000000000006,
            53.874999999999993
          ],
          "face_bbox_max": [
            -0.27500000000001634,
            25.225000000000005,
            53.875000000000149
          ],
          "loops": [
            {
              "is_outer": true,
              "edge_reference_keys": [
                "AQQBABAAAAAAAAAAAgAAAAkAAAAGAAAA",
                "AQQBABAAAAAAAAAAAgAAAA0AAAAGAAAA",
                "AQQBABAAAAAAAAAAAgAAAA8AAAAGAAAA",
                "AQQBABAAAAAAAAAAAgAAABAAAAAGAAAA"
              ]
            },
            {
              "is_outer": false,
              "edge_reference_keys": [
                "AQQBABAAAAAAAAAAAgAAABMAAAAGAAAA"
              ]
            },
            {
              "is_outer": false,
              "edge_reference_keys": [
                "AQQBABAAAAAAAAAAAgAAABYAAAAGAAAA"
              ]
            },
            {
              "is_outer": false,
              "edge_reference_keys": [
                "AQQBABAAAAAAAAAAAgAAABwAAAAGAAAA",
                "AQQBABAAAAAAAAAAAgAAAB8AAAAGAAAA",
                "AQQBABAAAAAAAAAAAgAAACIAAAAGAAAA",
                "AQQBABAAAAAAAAAAAgAAACUAAAAGAAAA",
                "AQQBABAAAAAAAAAAAgAAACcAAAAGAAAA",
                "AQQBABAAAAAAAAAAAgAAACgAAAAGAAAA"
              ]
            },
            {
              "is_outer": false,
              "edge_reference_keys": [
                "AQQBABAAAAAAAAAAAgAAAC4AAAAGAAAA",
                "AQQBABAAAAAAAAAAAgAAADEAAAAGAAAA",
                "AQQBABAAAAAAAAAAAgAAADQAAAAGAAAA",
                "AQQBABAAAAAAAAAAAgAAADcAAAAGAAAA",
                "AQQBABAAAAAAAAAAAgAAADkAAAAGAAAA",
                "AQQBABAAAAAAAAAAAgAAADoAAAAGAAAA"
              ]
            },
            {
              "is_outer": false,
              "edge_reference_keys": [
                "AQQBABAAAAAAAAAAAgAAAEAAAAAGAAAA",
                "AQQBABAAAAAAAAAAAgAAAEMAAAAGAAAA",
                "AQQBABAAAAAAAAAAAgAAAEYAAAAGAAAA",
                "AQQBABAAAAAAAAAAAgAAAEkAAAAGAAAA",
                "AQQBABAAAAAAAAAAAgAAAEsAAAAGAAAA",
                "AQQBABAAAAAAAAAAAgAAAEwAAAAGAAAA"
              ]
            },
            {
              "is_outer": false,
              "edge_reference_keys": [
                "AQQBABAAAAAAAAAAAgAAAFIAAAAGAAAA",
                "AQQBABAAAAAAAAAAAgAAAFUAAAAGAAAA",
                "AQQBABAAAAAAAAAAAgAAAFgAAAAGAAAA",
                "AQQBABAAAAAAAAAAAgAAAFsAAAAGAAAA",
                "AQQBABAAAAAAAAAAAgAAAF0AAAAGAAAA",
                "AQQBABAAAAAAAAAAAgAAAF4AAAAGAAAA"
              ]
            }
          ]
        }
      },
      {
        "constraint_name": "Mate:9",
        "constraint_type": "kMateConstraint",
        "suppressed": false,
        "health_status": "kUpToDateHealth",
        "node_one_id": "1096994921-M3.ipt:2",
        "node_two_id": "1096994921-M2.ipt:1",
        "offset_cm": 0.0,
        "solution": "kNoSolutionType",
        "entity_one": {
          "entity_type": "67119520",
          "proxy_context_occurrence": "1096994921-M3.ipt:2",
          "owner_document": "C:\\Users\\hrish\\Downloads\\Assemblies for Training ML model\\Assembly 83\\Workspaces\\1096994921-M1\\1096994921-M3.ipt",
          "reference_key_string": "AQQGADgAAAAAAAAAAgAAABMAAAADAAAAGgAAAAYAAAAdAAAABgAAAB8AAAAGAAAAIQAAAAYAAAAiAAAABgAAAA==",
          "context_key_string": "nsIrpNQR6AFgAC2z7in7sAQAAB5AAADIMgIotS/9IIFFAwBkBQABAADtN0PA0xEdDmAAALgylIewAAABAQAAsS28CdARH+wACNywOz6oCQIBAACyBAAAAFQAZQBzAHQA6DaHJiFBY+1S/AKr5eX5JQD/////AAAAAAAABgBICM1Q4SAAYOo/XxjmxA==",
          "surface_type": "kPlaneSurface",
          "area_cm2": 54.811874999999979,
          "face_normal_at_center": [
            1.0,
            -8.2070071620278468E-16,
            -1.6709775482901961E-31
          ],
          "face_point_at_center": [
            9.0500000000000043,
            -1.1374999999999993,
            -8.3266726846886741E-17
          ],
          "face_bbox_min": [
            9.0499999999999989,
            -1.9999999999999998,
            -15.887500000000001
          ],
          "face_bbox_max": [
            9.0500000000000043,
            -0.27500000000000013,
            15.887500000000001
          ],
          "loops": [
            {
              "is_outer": true,
              "edge_reference_keys": [
                "AQQBABAAAAAAAAAAAgAAABoAAAAGAAAA",
                "AQQBABAAAAAAAAAAAgAAAB0AAAAGAAAA",
                "AQQBABAAAAAAAAAAAgAAAB8AAAAGAAAA",
                "AQQBABAAAAAAAAAAAgAAACEAAAAGAAAA",
                "AQQBABAAAAAAAAAAAgAAACIAAAAGAAAA"
              ]
            }
          ]
        },
        "entity_two": {
          "entity_type": "67119520",
          "proxy_context_occurrence": "1096994921-M2.ipt:1",
          "owner_document": "C:\\Users\\hrish\\Downloads\\Assemblies for Training ML model\\Assembly 83\\Workspaces\\1096994921-M1\\1096994921-M2.ipt",
          "reference_key_string": "AQQIAEgAAAAAAAAAAgAAAF8AAAADAAAAYgAAAAYAAABoAAAABgAAAG0AAAAGAAAAcQAAAAYAAAByAAAABgAAAHUAAAAGAAAAeAAAAAYAAAA=",
          "context_key_string": "nsIrpNQR6AFgAC2z7in7sAQAAB5AAADIMgIotS/9IIFFAwBkBQABAADtN0PA0xEdDmAAALgylIewAAABAQAAsS28CdARH+wACNywOz6oCQIBAACyBAAAAFQAZQBzAHQA7oG70ylEBsAVxVqVEjJmjgD/////AAAAAAAABgBICM1Q4SAAYOo/XxjmxA==",
          "surface_type": "kPlaneSurface",
          "area_cm2": 2802.3093253683414,
          "face_normal_at_center": [
            -5.5319196874937505E-15,
            1.0,
            -6.1602054355674538E-19
          ],
          "face_point_at_center": [
            -16.087500000000009,
            -25.3750000000001,
            -8.36250000000001
          ],
          "face_bbox_min": [
            -31.900000000000013,
            -25.375000000002377,
            -53.725
          ],
          "face_bbox_max": [
            -0.27500000000000568,
            -25.374999999999872,
            36.999999999999993
          ],
          "loops": [
            {
              "is_outer": false,
              "edge_reference_keys": [
                "AQQBABAAAAAAAAAAAgAAAGIAAAAGAAAA"
              ]
            },
            {
              "is_outer": true,
              "edge_reference_keys": [
                "AQQBABAAAAAAAAAAAgAAAGgAAAAGAAAA",
                "AQQBABAAAAAAAAAAAgAAAG0AAAAGAAAA",
                "AQQBABAAAAAAAAAAAgAAAHEAAAAGAAAA",
                "AQQBABAAAAAAAAAAAgAAAHIAAAAGAAAA"
              ]
            },
            {
              "is_outer": false,
              "edge_reference_keys": [
                "AQQBABAAAAAAAAAAAgAAAHUAAAAGAAAA"
              ]
            },
            {
              "is_outer": false,
              "edge_reference_keys": [
                "AQQBABAAAAAAAAAAAgAAAHgAAAAGAAAA"
              ]
            }
          ]
        }
      },
      {
        "constraint_name": "Mate:19",
        "constraint_type": "kMateConstraint",
        "suppressed": false,
        "health_status": "kUpToDateHealth",
        "node_one_id": "1096994921-M4.ipt:4",
        "node_two_id": "1096994921-M2.ipt:1",
        "offset_cm": 0.0,
        "solution": "kNoSolutionType",
        "entity_one": {
          "entity_type": "67119520",
          "proxy_context_occurrence": "1096994921-M4.ipt:4",
          "owner_document": "C:\\Users\\hrish\\Downloads\\Assemblies for Training ML model\\Assembly 83\\Workspaces\\1096994921-M1\\1096994921-M4.ipt",
          "reference_key_string": "AQQFADAAAAAAAAAAAgAAAAEAAAADAAAABwAAAAYAAAAKAAAABgAAAAwAAAAGAAAADQAAAAYAAAA=",
          "context_key_string": "nsIrpNQR6AFgAC2z7in7sAQAAB5AAADIMgIotS/9IIFFAwBkBQABAADtN0PA0xEdDmAAALgylIewAAABAQAAsS28CdARH+wACNywOz6oCQIBAACyBAAAAFQAZQBzAHQAxgzKPdVMRjSkcTWQTL0eHQD/////AAAAAAAABgBICM1Q4SAAYOo/XxjmxA==",
          "surface_type": "kPlaneSurface",
          "area_cm2": 0.42,
          "face_normal_at_center": [
            -1.0,
            0.0,
            0.0
          ],
          "face_point_at_center": [
            0.0,
            1.25,
            0.1
          ],
          "face_bbox_min": [
            0.0,
            0.2,
            0.0
          ],
          "face_bbox_max": [
            0.0,
            2.3,
            0.2
          ],
          "loops": [
            {
              "is_outer": true,
              "edge_reference_keys": [
                "AQQBABAAAAAAAAAAAgAAAAcAAAAGAAAA",
                "AQQBABAAAAAAAAAAAgAAAAoAAAAGAAAA",
                "AQQBABAAAAAAAAAAAgAAAAwAAAAGAAAA",
                "AQQBABAAAAAAAAAAAgAAAA0AAAAGAAAA"
              ]
            }
          ]
        },
        "entity_two": {
          "entity_type": "67119520",
          "proxy_context_occurrence": "1096994921-M2.ipt:1",
          "owner_document": "C:\\Users\\hrish\\Downloads\\Assemblies for Training ML model\\Assembly 83\\Workspaces\\1096994921-M1\\1096994921-M2.ipt",
          "reference_key_string": "AQQFADAAAAAAAAAAAgAAAHkAAAADAAAAgQAAAAYAAACEAAAABgAAAIYAAAAGAAAAhwAAAAYAAAA=",
          "context_key_string": "nsIrpNQR6AFgAC2z7in7sAQAAB5AAADIMgIotS/9IIFFAwBkBQABAADtN0PA0xEdDmAAALgylIewAAABAQAAsS28CdARH+wACNywOz6oCQIBAACyBAAAAFQAZQBzAHQA7oG70ylEBsAVxVqVEjJmjgD/////AAAAAAAABgBICM1Q4SAAYOo/XxjmxA==",
          "surface_type": "kPlaneSurface",
          "area_cm2": 88.443749999988484,
          "face_normal_at_center": [
            -1.0,
            -6.7551027840876965E-14,
            1.9984014443250543E-16
          ],
          "face_point_at_center": [
            -27.42499999999994,
            24.112500000000139,
            -30.499999999999986
          ],
          "face_bbox_min": [
            -27.425000000000018,
            23.000000000000281,
            -50.374999999999986
          ],
          "face_bbox_max": [
            -27.424999999999862,
            25.224999999999994,
            -10.624999999999986
          ],
          "loops": [
            {
              "is_outer": true,
              "edge_reference_keys": [
                "AQQBABAAAAAAAAAAAgAAAIEAAAAGAAAA",
                "AQQBABAAAAAAAAAAAgAAAIQAAAAGAAAA",
                "AQQBABAAAAAAAAAAAgAAAIYAAAAGAAAA",
                "AQQBABAAAAAAAAAAAgAAAIcAAAAGAAAA"
              ]
            }
          ]
        }
      },
      {
        "constraint_name": "Mate:20",
        "constraint_type": "kMateConstraint",
        "suppressed": false,
        "health_status": "kUpToDateHealth",
        "node_one_id": "1096994921-M4.ipt:4",
        "node_two_id": "1096994921-M2.ipt:1",
        "offset_cm": 0.0,
        "solution": "kNoSolutionType",
        "entity_one": {
          "entity_type": "67119520",
          "proxy_context_occurrence": "1096994921-M4.ipt:4",
          "owner_document": "C:\\Users\\hrish\\Downloads\\Assemblies for Training ML model\\Assembly 83\\Workspaces\\1096994921-M1\\1096994921-M4.ipt",
          "reference_key_string": "AQQFADAAAAAAAAAAAgAAAA4AAAADAAAAEgAAAAYAAAAUAAAABgAAABYAAAAGAAAAFwAAAAYAAAA=",
          "context_key_string": "nsIrpNQR6AFgAC2z7in7sAQAAB5AAADIMgIotS/9IIFFAwBkBQABAADtN0PA0xEdDmAAALgylIewAAABAQAAsS28CdARH+wACNywOz6oCQIBAACyBAAAAFQAZQBzAHQAxgzKPdVMRjSkcTWQTL0eHQD/////AAAAAAAABgBICM1Q4SAAYOo/XxjmxA==",
          "surface_type": "kPlaneSurface",
          "area_cm2": 0.72,
          "face_normal_at_center": [
            0.0,
            -1.0,
            0.0
          ],
          "face_point_at_center": [
            2.0,
            0.0,
            0.1
          ],
          "face_bbox_min": [
            0.20000000000000018,
            0.0,
            0.0
          ],
          "face_bbox_max": [
            3.8,
            0.0,
            0.2
          ],
          "loops": [
            {
              "is_outer": true,
              "edge_reference_keys": [
                "AQQBABAAAAAAAAAAAgAAABIAAAAGAAAA",
                "AQQBABAAAAAAAAAAAgAAABQAAAAGAAAA",
                "AQQBABAAAAAAAAAAAgAAABYAAAAGAAAA",
                "AQQBABAAAAAAAAAAAgAAABcAAAAGAAAA"
              ]
            }
          ]
        },
        "entity_two": {
          "entity_type": "67119520",
          "proxy_context_occurrence": "1096994921-M2.ipt:1",
          "owner_document": "C:\\Users\\hrish\\Downloads\\Assemblies for Training ML model\\Assembly 83\\Workspaces\\1096994921-M1\\1096994921-M2.ipt",
          "reference_key_string": "AQQZANAAAAAAAAAAAgAAAIgAAAADAAAAjgAAAAYAAACRAAAABgAAAJMAAAAGAAAAlAAAAAYAAACXAAAABgAAAJoAAAAGAAAAnQAAAAYAAACfAAAABgAAAKUAAAAGAAAAqAAAAAYAAACrAAAABgAAAK4AAAAGAAAAsAAAAAYAAACzAAAABgAAALUAAAAGAAAAtgAAAAYAAAC5AAAABgAAAL8AAAAGAAAAwgAAAAYAAADFAAAABgAAAMkAAAAGAAAAzgAAAAYAAADSAAAABgAAANYAAAAGAAAA",
          "context_key_string": "nsIrpNQR6AFgAC2z7in7sAQAAB5AAADIMgIotS/9IIFFAwBkBQABAADtN0PA0xEdDmAAALgylIewAAABAQAAsS28CdARH+wACNywOz6oCQIBAACyBAAAAFQAZQBzAHQA7oG70ylEBsAVxVqVEjJmjgD/////AAAAAAAABgBICM1Q4SAAYOo/XxjmxA==",
          "surface_type": "kPlaneSurface",
          "area_cm2": 2355.0530994246856,
          "face_normal_at_center": [
            6.3630692754617947E-14,
            -1.0,
