{
  "assembly_metadata": {
    "assembly_name": "1629769204-M1.iam",
    "full_file_name": "C:\\Users\\hrish\\Downloads\\Assemblies for Training ML model\\Assembly 68\\Workspaces\\1629769204-M1\\1629769204-M1.iam",
    "internal_name": "{D3DADF21-4070-B420-0552-97B061ED9585}",
    "total_occurrences": 139,
    "total_constraints": 19
  },
  "physics": {
    "mass_kg": 41.629003822903222,
    "center_of_mass": [
      -95.2818102130389,
      -30.089638988753762,
      180.43164992044842
    ],
    "inertia_tensor": [
      11427.034262774945,
      29297.713023281336,
      34395.227539458276,
      11449.915870815843,
      -3274.9019332465527,
      6008.60667120719
    ]
  },
  "assembly_graph": {
    "nodes": [
      {
        "node_id": "0147155903-M1:4",
        "file_name": "C:\\Users\\hrish\\Downloads\\Assemblies for Training ML model\\Assembly 68\\Workspaces\\1629769204-M1\\0147155903-M1.ipt",
        "component_type": "kPartDocumentObject",
        "grounded": false,
        "suppressed": false,
        "visible": true,
        "adaptive": false,
        "flexible": false,
        "dof_translation": 3,
        "dof_rotation": 3,
        "fully_constrained": false,
        "transform": {
          "rotation_matrix": [
            [
              2.3884911972574327E-13,
              -4.869549902166984E-07,
              -0.999999999999881
            ],
            [
              -3.329813499017989E-07,
              0.99999999999982636,
              -4.8695499020657826E-07
            ],
            [
              0.9999999999999446,
              3.3298135001289892E-07,
              7.665576345714411E-14
            ]
          ],
          "translation_cm": [
            -65.313922236900751,
            -51.521416087330572,
            170.08554751137922
          ]
        }
      },
      {
        "node_id": "0147155903-M1:5",
        "file_name": "C:\\Users\\hrish\\Downloads\\Assemblies for Training ML model\\Assembly 68\\Workspaces\\1629769204-M1\\0147155903-M1.ipt",
        "component_type": "kPartDocumentObject",
        "grounded": false,
        "suppressed": false,
        "visible": true,
        "adaptive": false,
        "flexible": false,
        "dof_translation": 3,
        "dof_rotation": 3,
        "fully_constrained": false,
        "transform": {
          "rotation_matrix": [
            [
              2.3884911972574327E-13,
              -4.869549902166984E-07,
              -0.999999999999881
            ],
            [
              -3.329813499017989E-07,
              0.99999999999982636,
              -4.8695499020657826E-07
            ],
            [
              0.9999999999999446,
              3.3298135001289892E-07,
              7.665576345714411E-14
            ]
          ],
          "translation_cm": [
            -65.313924874285036,
            -46.105339982188468,
            183.16110620481385
          ]
        }
      },
      {
        "node_id": "0147155903-M1:6",
        "file_name": "C:\\Users\\hrish\\Downloads\\Assemblies for Training ML model\\Assembly 68\\Workspaces\\1629769204-M1\\0147155903-M1.ipt",
        "component_type": "kPartDocumentObject",
        "grounded": false,
        "suppressed": false,
        "visible": true,
        "adaptive": false,
        "flexible": false,
        "dof_translation": 3,
        "dof_rotation": 3,
        "fully_constrained": false,
        "transform": {
          "rotation_matrix": [
            [
              2.3884911972574327E-13,
              -4.869549902166984E-07,
              -0.999999999999881
            ],
            [
              -3.329813499017989E-07,
              0.99999999999982636,
              -4.8695499020657826E-07
            ],
            [
              0.9999999999999446,
              3.3298135001289892E-07,
              7.665576345714411E-14
            ]
          ],
          "translation_cm": [
            -65.313928604109719,
            -38.445857393897882,
            164.66947140623637
          ]
        }
      },
      {
        "node_id": "0147155903-M1:7",
        "file_name": "C:\\Users\\hrish\\Downloads\\Assemblies for Training ML model\\Assembly 68\\Workspaces\\1629769204-M1\\0147155903-M1.ipt",
        "component_type": "kPartDocumentObject",
        "grounded": false,
        "suppressed": false,
        "visible": true,
        "adaptive": false,
        "flexible": false,
        "dof_translation": 3,
        "dof_rotation": 3,
        "fully_constrained": false,
        "transform": {
          "rotation_matrix": [
            [
              2.3884911972574327E-13,
              -4.869549902166984E-07,
              -0.999999999999881
            ],
            [
              -3.329813499017989E-07,
              0.99999999999982636,
              -4.8695499020657826E-07
            ],
            [
              0.9999999999999446,
              3.3298135001289892E-07,
              7.665576345714411E-14
            ]
          ],
          "translation_cm": [
            -65.313931241493989,
            -33.029782468117055,
            170.08554466415737
          ]
        }
      },
      {
        "node_id": "0147155903-M1:8",
        "file_name": "C:\\Users\\hrish\\Downloads\\Assemblies for Training ML model\\Assembly 68\\Workspaces\\1629769204-M1\\0147155903-M1.ipt",
        "component_type": "kPartDocumentObject",
        "grounded": false,
        "suppressed": false,
        "visible": true,
        "adaptive": false,
        "flexible": false,
        "dof_translation": 3,
        "dof_rotation": 3,
        "fully_constrained": false,
        "transform": {
          "rotation_matrix": [
            [
              2.3884911972574327E-13,
              -4.869549902166984E-07,
              -0.999999999999881
            ],
            [
              -3.329813499017989E-07,
              0.99999999999982636,
              -4.8695499020657826E-07
            ],
            [
              0.9999999999999446,
              3.3298135001289892E-07,
              7.665576345714411E-14
            ]
          ],
          "translation_cm": [
            -65.313931241493975,
            -33.029781288755764,
            177.745030099671
          ]
        }
      },
      {
        "node_id": "0147155903-M1:1",
        "file_name": "C:\\Users\\hrish\\Downloads\\Assemblies for Training ML model\\Assembly 68\\Workspaces\\1629769204-M1\\0147155903-M1.ipt",
        "component_type": "kPartDocumentObject",
        "grounded": false,
        "suppressed": false,
        "visible": true,
        "adaptive": false,
        "flexible": false,
        "dof_translation": 3,
        "dof_rotation": 3,
        "fully_constrained": false,
        "transform": {
          "rotation_matrix": [
            [
              2.3884911972574327E-13,
              -4.869549902166984E-07,
              -0.999999999999881
            ],
            [
              -3.329813499017989E-07,
              0.99999999999982636,
              -4.8695499020657815E-07
            ],
            [
              0.9999999999999446,
              3.3298135001289892E-07,
              7.66557634571441E-14
            ]
          ],
          "translation_cm": [
            -65.313924874285036,
            -46.10534282941039,
            164.66947258559756
          ]
        }
      },
      {
        "node_id": "0147155903-M1:2",
        "file_name": "C:\\Users\\hrish\\Downloads\\Assemblies for Training ML model\\Assembly 68\\Workspaces\\1629769204-M1\\0147155903-M1.ipt",
        "component_type": "kPartDocumentObject",
        "grounded": false,
        "suppressed": false,
        "visible": true,
        "adaptive": false,
        "flexible": false,
        "dof_translation": 3,
        "dof_rotation": 3,
        "fully_constrained": false,
        "transform": {
          "rotation_matrix": [
            [
              2.3884911972574327E-13,
              -4.869549902166984E-07,
              -0.999999999999881
            ],
            [
              -3.329813499017989E-07,
              0.99999999999982636,
              -4.8695499020657826E-07
            ],
            [
              0.9999999999999446,
              3.3298135001289892E-07,
              7.665576345714411E-14
            ]
          ],
          "translation_cm": [
            -65.313928604109663,
            -38.445854546675953,
            183.1611050254526
          ]
        }
      },
      {
        "node_id": "0147155903-M1:3",
        "file_name": "C:\\Users\\hrish\\Downloads\\Assemblies for Training ML model\\Assembly 68\\Workspaces\\1629769204-M1\\0147155903-M1.ipt",
        "component_type": "kPartDocumentObject",
        "grounded": false,
        "suppressed": false,
        "visible": true,
        "adaptive": false,
        "flexible": false,
        "dof_translation": 3,
        "dof_rotation": 3,
        "fully_constrained": false,
        "transform": {
          "rotation_matrix": [
            [
              2.3884911972574327E-13,
              -4.869549902166984E-07,
              -0.999999999999881
            ],
            [
              -3.329813499017989E-07,
              0.99999999999982636,
              -4.8695499020657826E-07
            ],
            [
              0.9999999999999446,
              3.3298135001289892E-07,
              7.665576345714411E-14
            ]
          ],
          "translation_cm": [
            -65.313922236900709,
            -51.521414907969294,
            177.74503294689282
          ]
        }
      },
      {
        "node_id": "1094892788-M1:1",
        "file_name": "C:\\Users\\hrish\\Downloads\\Assemblies for Training ML model\\Assembly 68\\Workspaces\\1629769204-M1\\1094892788-M1.iam",
        "component_type": "kAssemblyDocumentObject",
        "grounded": true,
        "suppressed": false,
        "visible": true,
        "adaptive": false,
        "flexible": false,
        "dof_translation": 0,
        "dof_rotation": 0,
        "fully_constrained": false,
        "transform": {
          "rotation_matrix": [
            [
              -4.8695499780732E-07,
              -0.99999999999988,
              2.163381071879457E-15
            ],
            [
              0.99999999999986933,
              -4.8695499565647972E-07,
              1.5397356949675883E-07
            ],
            [
              -1.539735699130823E-07,
              7.76012560956117E-14,
              0.99999999999998657
            ]
          ],
          "translation_cm": [
            -61.536926739172713,
            -42.275596848814175,
            173.9152888055248
          ]
        }
      },
      {
        "node_id": "1094892788-M1:1/1094892793-P1:1",
        "file_name": "C:\\Users\\hrish\\Downloads\\Assemblies for Training ML model\\Assembly 68\\Workspaces\\1629769204-M1\\1094892793-P1.ipt",
        "component_type": "kPartDocumentObject",
        "grounded": false,
        "suppressed": false,
        "visible": true,
        "adaptive": false,
        "flexible": false,
        "dof_translation": 0,
        "dof_rotation": 0,
        "fully_constrained": true,
        "transform": {
          "rotation_matrix": [
            [
              -0.99999999999988,
              -1.3131281104165066E-07,
              4.6891589208355516E-07
            ],
            [
              -4.869549939137305E-07,
              0.26966093438867772,
              -0.96295533669226063
            ],
            [
              7.501934150496605E-14,
              -0.96295533669237354,
              -0.26966093438870892
            ]
          ],
          "translation_cm": [
            -61.536926739172713,
            -42.275596848814168,
            173.9152888055248
          ]
        }
      },
      {
        "node_id": "1094892788-M1:1/1094892793-P2:1",
        "file_name": "C:\\Users\\hrish\\Downloads\\Assemblies for Training ML model\\Assembly 68\\Workspaces\\1629769204-M1\\1094892793-P2.ipt",
        "component_type": "kPartDocumentObject",
        "grounded": false,
        "suppressed": false,
        "visible": true,
        "adaptive": false,
        "flexible": false,
        "dof_translation": 0,
        "dof_rotation": 0,
        "fully_constrained": true,
        "transform": {
          "rotation_matrix": [
            [
              4.4988785974255109E-07,
              -1.8634934877191999E-07,
              -0.99999999999988
            ],
            [
              -0.92387969491408251,
              0.3826830402892325,
              -4.8695499179778217E-07
            ],
            [
              0.38268304028927774,
              0.92387969491419053,
              7.4924333850213123E-14
            ]
          ],
          "translation_cm": [
            -62.138926739172639,
            -42.275597141961079,
            173.91528880552482
          ]
        }
      },
      {
        "node_id": "1094892788-M1:1/1094892793-P3:1",
        "file_name": "C:\\Users\\hrish\\Downloads\\Assemblies for Training ML model\\Assembly 68\\Workspaces\\1629769204-M1\\1094892793-P3.ipt",
        "component_type": "kPartDocumentObject",
        "grounded": false,
        "suppressed": false,
        "visible": true,
        "adaptive": false,
        "flexible": false,
        "dof_translation": 0,
        "dof_rotation": 0,
        "fully_constrained": true,
        "transform": {
          "rotation_matrix": [
            [
              0.56617320503240531,
              -0.82428629850477331,
              -4.8695499800054917E-07
            ],
            [
              1.4878256717794583E-07,
              -4.88566040304066E-07,
              0.99999999999986933
            ],
            [
              -0.82428629850490387,
              -0.56617320503240343,
              -1.5397356974420142E-07
            ]
          ],
          "translation_cm": [
            -117.88693414088189,
            -27.075622287073763,
            186.91528646513072
          ]
        }
      },
      {
        "node_id": "1094892788-M1:1/1094892793-P4:1",
        "file_name": "C:\\Users\\hrish\\Downloads\\Assemblies for Training ML model\\Assembly 68\\Workspaces\\1629769204-M1\\1094892793-P4.ipt",
        "component_type": "kPartDocumentObject",
        "grounded": false,
        "suppressed": false,
        "visible": true,
        "adaptive": false,
        "flexible": false,
        "dof_translation": 0,
        "dof_rotation": 0,
        "fully_constrained": true,
        "transform": {
          "rotation_matrix": [
            [
              -4.8695499831388847E-07,
              -0.63102415121062994,
              -0.77576318589405358
            ],
            [
              0.99999999999986933,
              -4.2672738983715211E-07,
              -2.8060071830002814E-07
            ],
            [
              -1.5397356977032424E-07,
              -0.77576318589408866,
              0.63102415121075572
            ]
          ],
          "translation_cm": [
            -106.09532673916735,
            -42.275618021946109,
            177.32368880552821
          ]
        }
      },
      {
        "node_id": "1094892788-M1:1/1094892793-P5:1",
        "file_name": "C:\\Users\\hrish\\Downloads\\Assemblies for Training ML model\\Assembly 68\\Workspaces\\1629769204-M1\\1094892793-P5.ipt",
        "component_type": "kPartDocumentObject",
        "grounded": false,
        "suppressed": false,
        "visible": true,
        "adaptive": false,
        "flexible": false,
        "dof_translation": 0,
        "dof_rotation": 0,
        "fully_constrained": true,
        "transform": {
          "rotation_matrix": [
            [
              -3.5381919305382268E-15,
              -4.8695499391371875E-07,
              -0.99999999999989486
            ],
            [
              1.5397356351500506E-07,
              0.9999999999998791,
              -4.8695499162808589E-07
            ],
            [
              1.0000000000000036,
              -1.5397356387581905E-07,
              7.0541414907164639E-14
            ]
          ],
          "translation_cm": [
            -96.503726739169281,
            -42.275613876072114,
            173.91528880552727
          ]
        }
      },
      {
        "node_id": "1094892788-M1:1/1094892793-P6:1",
        "file_name": "C:\\Users\\hrish\\Downloads\\Assemblies for Training ML model\\Assembly 68\\Workspaces\\1629769204-M1\\1094892793-P6.ipt",
        "component_type": "kPartDocumentObject",
        "grounded": false,
        "suppressed": false,
        "visible": true,
        "adaptive": false,
        "flexible": false,
        "dof_translation": 0,
        "dof_rotation": 0,
        "fully_constrained": true,
        "transform": {
          "rotation_matrix": [
            [
              -3.7793623982596626E-07,
              3.0706573651583216E-07,
              0.99999999999988
            ],
            [
              0.77612159127695279,
              -0.63058328201237079,
              4.8695499362987991E-07
            ],
            [
              0.6305832820124444,
              0.776121591277044,
              -7.4010100711442121E-14
            ]
          ],
          "translation_cm": [
            -96.503726739168513,
            -42.275613876072114,
            173.91528880552727
          ]
        }
      },
      {
        "node_id": "1094892788-M1:1/1094892793-P8:1",
        "file_name": "C:\\Users\\hrish\\Downloads\\Assemblies for Training ML model\\Assembly 68\\Workspaces\\1629769204-M1\\1094892793-P8.ipt",
        "component_type": "kPartDocumentObject",
        "grounded": false,
        "suppressed": false,
        "visible": true,
        "adaptive": false,
        "flexible": false,
        "dof_translation": 0,
        "dof_rotation": 0,
        "fully_constrained": true,
        "transform": {
          "rotation_matrix": [
            [
              3.7793623938038473E-07,
              0.99999999999988,
              3.0706573809582723E-07
            ],
            [
              -0.77612159127695279,
              4.86954994280373E-07,
              -0.63058328201237079
            ],
            [
              -0.6305832820124444,
              -7.5517345222782973E-14,
              0.776121591277044
            ]
          ],
          "translation_cm": [
            -65.53692673917223,
            -42.275598796634135,
            173.91528880552511
          ]
        }
      },
      {
        "node_id": "1094892788-M1:1/1094892793-P1:2",
        "file_name": "C:\\Users\\hrish\\Downloads\\Assemblies for Training ML model\\Assembly 68\\Workspaces\\1629769204-M1\\1094892793-P1.ipt",
        "component_type": "kPartDocumentObject",
        "grounded": false,
        "suppressed": false,
        "visible": true,
        "adaptive": false,
        "flexible": false,
        "dof_translation": 0,
        "dof_rotation": 0,
        "fully_constrained": true,
        "transform": {
          "rotation_matrix": [
            [
              4.8695500070946684E-07,
              -0.26966108265834676,
              0.96295529517159084
            ],
            [
              -0.99999999999986933,
              -2.7958247336910328E-07,
              4.2739521570841011E-07
            ],
            [
              1.5397356699340494E-07,
              -0.96295529517167311,
              -0.26966108265844813
            ]
          ],
          "translation_cm": [
            -117.8869419565096,
            -11.025622287075858,
            186.91528399385493
          ]
        }
      },
      {
        "node_id": "1094892788-M1:1/1094892793-P9:1",
        "file_name": "C:\\Users\\hrish\\Downloads\\Assemblies for Training ML model\\Assembly 68\\Workspaces\\1629769204-M1\\1094892793-P9.ipt",
        "component_type": "kPartDocumentObject",
        "grounded": false,
        "suppressed": false,
        "visible": true,
        "adaptive": false,
        "flexible": false,
        "dof_translation": 0,
        "dof_rotation": 0,
        "fully_constrained": true,
        "transform": {
          "rotation_matrix": [
            [
              -0.92387975383714482,
              0.38268289803617112,
              4.8695499862605928E-07
            ],
            [
              -5.0881091418155833E-07,
              4.4096285509344312E-08,
              -0.99999999999986933
            ],
            [
              -0.38268289803614214,
              -0.92387975383727217,
              1.5397357020630223E-07
            ]
          ],
          "translation_cm": [
            -117.88694166336271,
            -11.627622287075784,
            186.91528408654702
          ]
        }
      },
      {
        "node_id": "1901003691-M1:1",
        "file_name": "C:\\Users\\hrish\\Downloads\\Assemblies for Training ML model\\Assembly 68\\Workspaces\\1629769204-M1\\1901003691-M1.ipt",
        "component_type": "kPartDocumentObject",
        "grounded": false,
        "suppressed": false,
        "visible": true,
        "adaptive": false,
        "flexible": false,
        "dof_translation": 0,
        "dof_rotation": 1,
        "fully_constrained": false,
        "transform": {
          "rotation_matrix": [
            [
              -4.1874114607879132E-16,
              4.8695499999999966E-07,
              1.0000000000000002
            ],
            [
              1.5397399999999873E-07,
              -1.0,
              4.86955E-07
            ],
            [
              1.0000000000000002,
              1.5397400000000003E-07,
              -7.4913678853920612E-14
            ]
          ],
          "translation_cm": [
            -61.536926739172735,
            -42.275596848814416,
            173.9152888055248
          ]
        }
      },
      {
        "node_id": "0663211231-M1:1",
        "file_name": "C:\\Users\\hrish\\Downloads\\Assemblies for Training ML model\\Assembly 68\\Workspaces\\1629769204-M1\\0663211231-M1.ipt",
        "component_type": "kPartDocumentObject",
        "grounded": false,
        "suppressed": false,
        "visible": true,
        "adaptive": false,
        "flexible": false,
        "dof_translation": 1,
        "dof_rotation": 1,
        "fully_constrained": false,
        "transform": {
          "rotation_matrix": [
            [
              4.8695499856047543E-07,
              0.23308126260509052,
              -0.97245726128307541
            ],
            [
              -0.99999999999986955,
              2.6323279916477591E-07,
              -4.3765457086563364E-07
            ],
            [
              1.5397356699340481E-07,
              0.97245726128316179,
              0.2330812626051883
            ]
          ],
          "translation_cm": [
            -117.88694212670038,
            -10.676122287075897,
            186.91528394004118
          ]
        }
      },
      {
        "node_id": "0300027413-M1:14",
        "file_name": "C:\\Users\\hrish\\Downloads\\Assemblies for Training ML model\\Assembly 68\\Workspaces\\1629769204-M1\\0300027413-M1.ipt",
        "component_type": "kPartDocumentObject",
        "grounded": false,
        "suppressed": false,
        "visible": true,
        "adaptive": false,
        "flexible": false,
        "dof_translation": 0,
        "dof_rotation": 1,
        "fully_constrained": false,
        "transform": {
          "rotation_matrix": [
            [
              1.5413081508823003E-07,
              0.9999999999998701,
              4.86954995545913E-07
            ],
            [
              -1.539734947352064E-07,
              4.8695501984692119E-07,
              -0.99999999999987
            ],
            [
              -0.999999999999977,
              1.5413074059340389E-07,
              1.539735697167984E-07
            ]
          ],
          "translation_cm": [
            -121.71667748768684,
            -14.802622728398745,
            196.161103599962
          ]
        }
      },
      {
        "node_id": "1094892821-M1:66",
        "file_name": "C:\\Users\\hrish\\Downloads\\Assemblies for Training ML model\\Assembly 68\\Workspaces\\1629769204-M1\\1094892821-M1.ipt",
        "component_type": "kPartDocumentObject",
        "grounded": false,
        "suppressed": false,
        "visible": true,
        "adaptive": false,
        "flexible": false,
        "dof_translation": 0,
        "dof_rotation": 1,
        "fully_constrained": false,
        "transform": {
          "rotation_matrix": [
            [
              0.99999999999987088,
              -4.8695499664861132E-07,
              -1.5413081134462811E-07
            ],
            [
              4.86955019825533E-07,
              0.99999999999987044,
              1.5397349473520815E-07
            ],
            [
              1.5413073651836615E-07,
              -1.5397356977491735E-07,
              0.99999999999997757
            ]
          ],
          "translation_cm": [
            -121.71667716721481,
            -15.460737001382739,
            196.16110370129408
          ]
        }
      },
      {
        "node_id": "1094892821-M1:73",
        "file_name": "C:\\Users\\hrish\\Downloads\\Assemblies for Training ML model\\Assembly 68\\Workspaces\\1629769204-M1\\1094892821-M1.ipt",
        "component_type": "kPartDocumentObject",
        "grounded": false,
        "suppressed": false,
        "visible": true,
        "adaptive": false,
        "flexible": false,
        "dof_translation": 0,
        "dof_rotation": 1,
        "fully_constrained": false,
        "transform": {
          "rotation_matrix": [
            [
              0.99999999999987077,
              4.8695499553830655E-07,
              -1.5413066138871928E-07
            ],
            [
              4.8695497236141433E-07,
              -0.99999999999987044,
              -1.5397364484467225E-07
            ],
            [
              -1.5413073651862616E-07,
              1.539735697749172E-07,
              -0.99999999999997746
            ]
          ],
          "translation_cm": [
            -121.71667642492844,
            -16.985079820334747,
            196.16110393600255
          ]
        }
      },
      {
        "node_id": "1094892821-M1:74",
        "file_name": "C:\\Users\\hrish\\Downloads\\Assemblies for Training ML model\\Assembly 68\\Workspaces\\1629769204-M1\\1094892821-M1.ipt",
        "component_type": "kPartDocumentObject",
        "grounded": false,
        "suppressed": false,
        "visible": true,
        "adaptive": false,
        "flexible": false,
        "dof_translation": 0,
        "dof_rotation": 1,
        "fully_constrained": false,
        "transform": {
          "rotation_matrix": [
            [
              0.99999999999987077,
              -4.8695499664860613E-07,
              -1.541308113451016E-07
            ],
            [
              4.8695501982553361E-07,
              0.99999999999987044,
              1.5397349473520802E-07
            ],
            [
              1.5413073651871876E-07,
              -1.5397356977491727E-07,
              0.99999999999997746
            ]
          ],
          "translation_cm": [
            -121.71667683989757,
            -16.132908410858764,
            196.16110380479071
          ]
        }
      },
      {
        "node_id": "1094892821-M1:75",
        "file_name": "C:\\Users\\hrish\\Downloads\\Assemblies for Training ML model\\Assembly 68\\Workspaces\\1629769204-M1\\1094892821-M1.ipt",
        "component_type": "kPartDocumentObject",
        "grounded": false,
        "suppressed": false,
        "visible": true,
        "adaptive": false,
        "flexible": false,
        "dof_translation": 0,
        "dof_rotation": 1,
        "fully_constrained": false,
        "transform": {
          "rotation_matrix": [
            [
              0.99999999999987077,
              -4.8695499664862127E-07,
              -1.5413081134507002E-07
            ],
            [
              4.8695501982553318E-07,
              0.99999999999987044,
              1.5397349473520807E-07
            ],
            [
              1.5413073651868715E-07,
              -1.539735697749173E-07,
              0.99999999999997746
            ]
          ],
          "translation_cm": [
            -121.71667705810906,
            -15.684794137874745,
            196.161103735793
          ]
        }
      },
      {
        "node_id": "1094892821-M1:76",
        "file_name": "C:\\Users\\hrish\\Downloads\\Assemblies for Training ML model\\Assembly 68\\Workspaces\\1629769204-M1\\1094892821-M1.ipt",
        "component_type": "kPartDocumentObject",
        "grounded": false,
        "suppressed": false,
        "visible": true,
        "adaptive": false,
        "flexible": false,
        "dof_translation": 0,
        "dof_rotation": 1,
        "fully_constrained": false,
        "transform": {
          "rotation_matrix": [
            [
              -0.999999999999876,
              -4.8695499555971806E-07,
              -1.5413065988989551E-07
            ],
            [
              -4.8695497238280467E-07,
              0.999999999999874,
              -1.5397364484467185E-07
            ],
            [
              1.5413073471587948E-07,
              -1.5397356980847198E-07,
              -0.99999999999997791
            ]
          ],
          "translation_cm": [
            -121.71667738542628,
            -15.012622728398719,
            196.16110363229643
          ]
        }
      },
      {
        "node_id": "1094892821-M1:77",
        "file_name": "C:\\Users\\hrish\\Downloads\\Assemblies for Training ML model\\Assembly 68\\Workspaces\\1629769204-M1\\1094892821-M1.ipt",
        "component_type": "kPartDocumentObject",
        "grounded": false,
        "suppressed": false,
        "visible": true,
        "adaptive": false,
        "flexible": false,
        "dof_translation": 0,
        "dof_rotation": 1,
        "fully_constrained": false,
        "transform": {
          "rotation_matrix": [
            [
              -0.24258152843432179,
              -4.8695499593147214E-07,
              0.97013102314183952
            ],
            [
              -2.6750082402826729E-07,
              0.99999999999986955,
              4.3505900468609533E-07
            ],
            [
              -0.970131023141925,
              -1.5397356951359959E-07,
              -0.24258152843441977
            ]
          ],
          "translation_cm": [
            -121.71667727632057,
            -15.236679864890732,
            196.16110366679533
          ]
        }
      },
      {
        "node_id": "1094892821-M1:78",
        "file_name": "C:\\Users\\hrish\\Downloads\\Assemblies for Training ML model\\Assembly 68\\Workspaces\\1629769204-M1\\1094892821-M1.ipt",
        "component_type": "kPartDocumentObject",
        "grounded": false,
        "suppressed": false,
        "visible": true,
        "adaptive": false,
        "flexible": false,
        "dof_translation": 0,
        "dof_rotation": 1,
        "fully_constrained": false,
        "transform": {
          "rotation_matrix": [
            [
              0.99999999999987077,
              -4.8695499664857722E-07,
              -1.541308113446275E-07
            ],
            [
              4.869550198255334E-07,
              0.99999999999987044,
              1.5397349473520805E-07
            ],
            [
              1.5413073651813624E-07,
              -1.539735697749173E-07,
              0.99999999999997746
            ]
          ],
          "translation_cm": [
            -121.71667694900331,
            -15.908851274366748,
            196.1611037702919
          ]
        }
      },
      {
        "node_id": "1094892821-M1:79",
        "file_name": "C:\\Users\\hrish\\Downloads\\Assemblies for Training ML model\\Assembly 68\\Workspaces\\1629769204-M1\\1094892821-M1.ipt",
        "component_type": "kPartDocumentObject",
        "grounded": false,
        "suppressed": false,
        "visible": true,
        "adaptive": false,
        "flexible": false,
        "dof_translation": 0,
        "dof_rotation": 1,
        "fully_constrained": false,
        "transform": {
          "rotation_matrix": [
            [
              0.99999999999987,
              4.8695499657921147E-07,
              1.5413080184596416E-07
            ],
            [
              4.869550198255316E-07,
              -0.99999999999986888,
              -1.5397349473521257E-07
            ],
            [
              1.5413072682932681E-07,
              1.5397356984323739E-07,
              -0.99999999999997646
            ]
          ],
          "translation_cm": [
            -121.71667653403419,
            -16.761022683842743,
            196.16110390150371
          ]
        }
      },
      {
        "node_id": "1094892821-M1:80",
        "file_name": "C:\\Users\\hrish\\Downloads\\Assemblies for Training ML model\\Assembly 68\\Workspaces\\1629769204-M1\\1094892821-M1.ipt",
        "component_type": "kPartDocumentObject",
        "grounded": false,
        "suppressed": false,
        "visible": true,
        "adaptive": false,
        "flexible": false,
        "dof_translation": 0,
        "dof_rotation": 1,
        "fully_constrained": false,
        "transform": {
          "rotation_matrix": [
            [
              0.99999999999987066,
              4.8695499664862529E-07,
              1.541308089710312E-07
            ],
            [
              4.8695501982553361E-07,
              -0.99999999999987044,
              -1.5397349473520918E-07
            ],
            [
              1.5413073384115703E-07,
              1.5397356980500272E-07,
              -0.99999999999997746
            ]
          ],
          "translation_cm": [
            -121.71667631582271,
            -17.20913695682674,
            196.16110397050147
          ]
        }
      },
      {
        "node_id": "1094892821-M1:84",
        "file_name": "C:\\Users\\hrish\\Downloads\\Assemblies for Training ML model\\Assembly 68\\Workspaces\\1629769204-M1\\1094892821-M1.ipt",
        "component_type": "kPartDocumentObject",
        "grounded": false,
        "suppressed": false,
        "visible": true,
        "adaptive": false,
        "flexible": false,
        "dof_translation": 0,
        "dof_rotation": 1,
        "fully_constrained": false,
        "transform": {
          "rotation_matrix": [
            [
              -0.99999999999987033,
              4.8695499555215184E-07,
              1.5413066160570586E-07
            ],
            [
              -4.8695497236141444E-07,
              -0.99999999999987155,
              1.539736448446723E-07
            ],
            [
              1.5413073648579104E-07,
              1.5397356976548474E-07,
              0.99999999999997724
            ]
          ],
          "translation_cm": [
            -121.71667620671698,
            -17.433194093318754,
            196.16110400500028
          ]
        }
      },
      {
        "node_id": "1094892821-M1:83",
        "file_name": "C:\\Users\\hrish\\Downloads\\Assemblies for Training ML model\\Assembly 68\\Workspaces\\1629769204-M1\\1094892821-M1.ipt",
        "component_type": "kPartDocumentObject",
        "grounded": false,
        "suppressed": false,
        "visible": true,
        "adaptive": false,
        "flexible": false,
        "dof_translation": 0,
        "dof_rotation": 1,
        "fully_constrained": false,
        "transform": {
          "rotation_matrix": [
            [
              0.99999999999987021,
              4.8695499666949057E-07,
              1.5413080902665405E-07
            ],
            [
              4.8695501982553371E-07,
              -0.99999999999987044,
              -1.53973494735209E-07
            ],
            [
              1.5413073382804144E-07,
              1.5397356980489417E-07,
              -0.99999999999997724
            ]
          ],
          "translation_cm": [
            -121.71667609761127,
            -17.657251229810758,
            196.16110403949912
          ]
        }
      },
      {
        "node_id": "1094892821-M1:82",
        "file_name": "C:\\Users\\hrish\\Downloads\\Assemblies for Training ML model\\Assembly 68\\Workspaces\\1629769204-M1\\1094892821-M1.ipt",
        "component_type": "kPartDocumentObject",
        "grounded": false,
        "suppressed": false,
        "visible": true,
        "adaptive": false,
        "flexible": false,
        "dof_translation": 0,
        "dof_rotation": 1,
        "fully_constrained": false,
        "transform": {
          "rotation_matrix": [
            [
              0.9999999999998701,
              4.8695499666768057E-07,
              1.5413080851737348E-07
            ],
            [
              4.86955019825533E-07,
              -0.99999999999987288,
              -1.5397349473520916E-07
            ],
            [
              1.5413073327650668E-07,
              1.5397356981530261E-07,
              -0.99999999999997669
            ]
          ],
          "translation_cm": [
            -121.7166759885055,
            -17.881308366302761,
            196.16110407399805
          ]
        }
      },
      {
        "node_id": "0300027413-M1:13",
        "file_name": "C:\\Users\\hrish\\Downloads\\Assemblies for Training ML model\\Assembly 68\\Workspaces\\1629769204-M1\\0300027413-M1.ipt",
        "component_type": "kPartDocumentObject",
        "grounded": false,
        "suppressed": false,
        "visible": true,
        "adaptive": false,
        "flexible": false,
        "dof_translation": 0,
        "dof_rotation": 1,
        "fully_constrained": false,
        "transform": {
          "rotation_matrix": [
            [
              -0.52227535638643319,
              0.85277690641291182,
              4.8695499564169031E-07
            ],
            [
              -3.8562969896282612E-07,
              3.3484737461575024E-07,
              -0.99999999999986866
            ],
            [
              -0.85277690641296822,
              -0.52227535638655231,
              1.5397356919324977E-07
            ]
          ],
          "translation_cm": [
            -121.71667603233145,
            -17.791308366302772,
            196.16110406014036
          ]
        }
      },
      {
        "node_id": "1094892823-M1:1",
        "file_name": "C:\\Users\\hrish\\Downloads\\Assemblies for Training ML model\\Assembly 68\\Workspaces\\1629769204-M1\\1094892823-M1.ipt",
