{
  "assembly_metadata": {
    "assembly_name": "1649812067.iam",
    "full_file_name": "C:\\Users\\hrish\\Downloads\\Assemblies for Training ML model\\Assembly 85\\Workspaces\\1649812067\\1649812067.iam",
    "internal_name": "{CD499A29-4BE0-7E17-50EE-C1B35E51F570}",
    "total_occurrences": 76,
    "total_constraints": 160
  },
  "physics": {
    "mass_kg": 49.898045280015644,
    "center_of_mass": [
      -9.2592998137322216,
      -3.4785328499671961,
      -3.9860595173757707
    ],
    "inertia_tensor": [
      138756.34663275068,
      68013.87185321869,
      206133.7179995153,
      159.74707835889444,
      1545.4411056813774,
      -86.301036130293269
    ]
  },
  "assembly_graph": {
    "nodes": [
      {
        "node_id": "1649812076:2",
        "file_name": "C:\\Users\\hrish\\Downloads\\Assemblies for Training ML model\\Assembly 85\\Workspaces\\1649812067\\1649812076.ipt",
        "component_type": "kPartDocumentObject",
        "grounded": false,
        "suppressed": false,
        "visible": true,
        "adaptive": false,
        "flexible": false,
        "dof_translation": 0,
        "dof_rotation": 0,
        "fully_constrained": true,
        "transform": {
          "rotation_matrix": [
            [
              0.99999999999999833,
              -4.4274808917481441E-16,
              -2.6995160809218503E-15
            ],
            [
              7.2030384533110365E-16,
              0.99999999999999878,
              1.7100101108730546E-16
            ],
            [
              2.7483507152521665E-15,
              -1.8581454924178215E-16,
              0.999999999999999
            ]
          ],
          "translation_cm": [
            50.296850633188761,
            26.101627040658062,
            -5.4809596988831366
          ]
        }
      },
      {
        "node_id": "1649812075:3",
        "file_name": "C:\\Users\\hrish\\Downloads\\Assemblies for Training ML model\\Assembly 85\\Workspaces\\1649812067\\1649812075.ipt",
        "component_type": "kPartDocumentObject",
        "grounded": false,
        "suppressed": false,
        "visible": true,
        "adaptive": false,
        "flexible": false,
        "dof_translation": 0,
        "dof_rotation": 0,
        "fully_constrained": true,
        "transform": {
          "rotation_matrix": [
            [
              0.99999999999999922,
              6.9230658147957625E-17,
              2.9230719844161719E-16
            ],
            [
              3.8877544576256483E-16,
              0.99999999999999889,
              1.6534770574675489E-13
            ],
            [
              -3.0984680124910512E-16,
              -1.6515628839598973E-13,
              1.0000000000000007
            ]
          ],
          "translation_cm": [
            50.2968506331888,
            37.051627040657813,
            -5.2809596989058356
          ]
        }
      },
      {
        "node_id": "1088080327-M1:4",
        "file_name": "C:\\Users\\hrish\\Downloads\\Assemblies for Training ML model\\Assembly 85\\Workspaces\\1649812067\\1088080327-M1.ipt",
        "component_type": "kPartDocumentObject",
        "grounded": false,
        "suppressed": false,
        "visible": true,
        "adaptive": false,
        "flexible": false,
        "dof_translation": 0,
        "dof_rotation": 1,
        "fully_constrained": false,
        "transform": {
          "rotation_matrix": [
            [
              -4.4703095477498819E-16,
              -4.0751596438658058E-16,
              0.99999999999999933
            ],
            [
              1.0000000000000013,
              2.9603437586533284E-16,
              2.9437528888910115E-16
            ],
            [
              1.5587607614482155E-15,
              1.0000000000000004,
              -2.4107454101757137E-16
            ]
          ],
          "translation_cm": [
            40.49685063318887,
            -93.94837295934191,
            -3.1559596988831036
          ]
        }
      },
      {
        "node_id": "1088080326-M1:6",
        "file_name": "C:\\Users\\hrish\\Downloads\\Assemblies for Training ML model\\Assembly 85\\Workspaces\\1649812067\\1088080326-M1.ipt",
        "component_type": "kPartDocumentObject",
        "grounded": false,
        "suppressed": false,
        "visible": true,
        "adaptive": false,
        "flexible": false,
        "dof_translation": 0,
        "dof_rotation": 0,
        "fully_constrained": true,
        "transform": {
          "rotation_matrix": [
            [
              9.8291557005328481E-16,
              -0.99999999999999944,
              -1.2454409599144344E-15
            ],
            [
              -2.9603437586533264E-16,
              -9.6788520375815871E-16,
              1.0000000000000013
            ],
            [
              -0.99999999999999978,
              -6.1222507545656487E-16,
              -5.681939755848487E-16
            ]
          ],
          "translation_cm": [
            -57.553149366811091,
            -42.948372959341931,
            -3.1809596988831141
          ]
        }
      },
      {
        "node_id": "1088080326-M1:7",
        "file_name": "C:\\Users\\hrish\\Downloads\\Assemblies for Training ML model\\Assembly 85\\Workspaces\\1649812067\\1088080326-M1.ipt",
        "component_type": "kPartDocumentObject",
        "grounded": false,
        "suppressed": false,
        "visible": true,
        "adaptive": false,
        "flexible": false,
        "dof_translation": 0,
        "dof_rotation": 0,
        "fully_constrained": true,
        "transform": {
          "rotation_matrix": [
            [
              1.0725470222109907E-17,
              1.4536077770316641E-15,
              -0.99999999999999889
            ],
            [
              -2.9603437586533224E-16,
              -0.99999999999999778,
              -9.6788520375815831E-16
            ],
            [
              -0.99999999999999856,
              1.3619700146504393E-15,
              2.4107454101757605E-16
            ]
          ],
          "translation_cm": [
            -57.5531493668111,
            -50.448372959341938,
            -3.1809596988831585
          ]
        }
      },
      {
        "node_id": "1649812073:8",
        "file_name": "C:\\Users\\hrish\\Downloads\\Assemblies for Training ML model\\Assembly 85\\Workspaces\\1649812067\\1649812073.ipt",
        "component_type": "kPartDocumentObject",
        "grounded": false,
        "suppressed": false,
        "visible": true,
        "adaptive": false,
        "flexible": false,
        "dof_translation": 0,
        "dof_rotation": 0,
        "fully_constrained": true,
        "transform": {
          "rotation_matrix": [
            [
              0.99999999999999811,
              -7.22715847081657E-16,
              2.9230719844176939E-16
            ],
            [
              1.2500717837786073E-15,
              0.99999999999999478,
              5.57611740739993E-15
            ],
            [
              -3.7410746562468736E-16,
              -5.0348679695583965E-15,
              1.0000000000000042
            ]
          ],
          "translation_cm": [
            50.29685063318869,
            -99.44837295934127,
            -5.2809596988831462
          ]
        }
      },
      {
        "node_id": "1649812074:9",
        "file_name": "C:\\Users\\hrish\\Downloads\\Assemblies for Training ML model\\Assembly 85\\Workspaces\\1649812067\\1649812074.ipt",
        "component_type": "kPartDocumentObject",
        "grounded": false,
        "suppressed": false,
        "visible": true,
        "adaptive": false,
        "flexible": false,
        "dof_translation": 0,
        "dof_rotation": 0,
        "fully_constrained": true,
        "transform": {
          "rotation_matrix": [
            [
              0.99999999999999833,
              -7.227158470816641E-16,
              2.9230719844177466E-16
            ],
            [
              -8.2195845771569708E-17,
              1.0000000000000024,
              2.1506243881919523E-15
            ],
            [
              -1.0633992865304159E-16,
              -1.8581454924178124E-16,
              1.0
            ]
          ],
          "translation_cm": [
            50.296850633188782,
            -99.448372959341725,
            -5.2809596988831
          ]
        }
      },
      {
        "node_id": "1649812077:10",
        "file_name": "C:\\Users\\hrish\\Downloads\\Assemblies for Training ML model\\Assembly 85\\Workspaces\\1649812067\\1649812077.ipt",
        "component_type": "kPartDocumentObject",
        "grounded": false,
        "suppressed": false,
        "visible": true,
        "adaptive": false,
        "flexible": false,
        "dof_translation": 0,
        "dof_rotation": 0,
        "fully_constrained": true,
        "transform": {
          "rotation_matrix": [
            [
              1.0000000000000024,
              -4.4929338027799136E-16,
              -2.6995160809218566E-15
            ],
            [
              -7.3639011555215451E-16,
              1.0000000000000027,
              3.1694416861807674E-16
            ],
            [
              2.1977663618101416E-15,
              -1.8581454924178094E-16,
              1.0
            ]
          ],
          "translation_cm": [
            50.296850633188875,
            -99.4483729593417,
            -5.2809596988831151
          ]
        }
      },
      {
        "node_id": "1649812068:1",
        "file_name": "C:\\Users\\hrish\\Downloads\\Assemblies for Training ML model\\Assembly 85\\Workspaces\\1649812067\\1649812068.ipt",
        "component_type": "kPartDocumentObject",
        "grounded": true,
        "suppressed": false,
        "visible": true,
        "adaptive": false,
        "flexible": false,
        "dof_translation": 0,
        "dof_rotation": 0,
        "fully_constrained": false,
        "transform": {
          "rotation_matrix": [
            [
              0.999999999999999,
              -5.6949563468972294E-16,
              2.3418222584298286E-16
            ],
            [
              5.834125313028586E-16,
              0.99999999999999956,
              2.9603437586533269E-16
            ],
            [
              -2.4107454101757378E-16,
              -1.8581454924178097E-16,
              1.0
            ]
          ],
          "translation_cm": [
            -67.553149366811027,
            -100.44837295934194,
            -3.2809596988830876
          ]
        }
      },
      {
        "node_id": "1649812070:1",
        "file_name": "C:\\Users\\hrish\\Downloads\\Assemblies for Training ML model\\Assembly 85\\Workspaces\\1649812067\\1649812070.ipt",
        "component_type": "kPartDocumentObject",
        "grounded": false,
        "suppressed": false,
        "visible": true,
        "adaptive": false,
        "flexible": false,
        "dof_translation": 0,
        "dof_rotation": 0,
        "fully_constrained": true,
        "transform": {
          "rotation_matrix": [
            [
              0.999999999999998,
              2.8575925948007174E-15,
              -1.3455642195397063E-15
            ],
            [
              8.8063638659671443E-16,
              3.808207480890781E-15,
              0.99999999999999767
            ],
            [
              3.62678070834373E-15,
              -0.99999999999999734,
              1.6038624334399285E-15
            ]
          ],
          "translation_cm": [
            -66.928149366810942,
            -33.648372959342,
            3.7190403011168827
          ]
        }
      },
      {
        "node_id": "1649812069:2",
        "file_name": "C:\\Users\\hrish\\Downloads\\Assemblies for Training ML model\\Assembly 85\\Workspaces\\1649812067\\1649812069.ipt",
        "component_type": "kPartDocumentObject",
        "grounded": false,
        "suppressed": false,
        "visible": true,
        "adaptive": true,
        "flexible": false,
        "dof_translation": 0,
        "dof_rotation": 0,
        "fully_constrained": true,
        "transform": {
          "rotation_matrix": [
            [
              -2.4118979859262572E-16,
              8.560764887726508E-16,
              -1.0
            ],
            [
              1.1974830027405344E-16,
              -1.0,
              -8.56076488772651E-16
            ],
            [
              -1.0,
              -1.1974830027406303E-16,
              2.4118979859262572E-16
            ]
          ],
          "translation_cm": [
            49.896850633188748,
            37.051627040658076,
            -3.2809596988831422
          ]
        }
      },
      {
        "node_id": "0298100114-M1:5",
        "file_name": "C:\\Users\\hrish\\Downloads\\Assemblies for Training ML model\\Assembly 85\\Workspaces\\1649812067\\0298100114-M1.ipt",
        "component_type": "kPartDocumentObject",
        "grounded": false,
        "suppressed": false,
        "visible": true,
        "adaptive": false,
        "flexible": false,
        "dof_translation": 0,
        "dof_rotation": 0,
        "fully_constrained": true,
        "transform": {
          "rotation_matrix": [
            [
              -0.8660254037844255,
              -0.49999999999999134,
              -3.7358293682283785E-15
            ],
            [
              -3.1865919392694829E-15,
              -1.9523195946526651E-15,
              1.0000000000000002
            ],
            [
              -0.49999999999999128,
              0.86602540378442594,
              9.7462395640608326E-17
            ]
          ],
          "translation_cm": [
            32.771850633188755,
            36.95462704065806,
            -14.48095969888314
          ]
        }
      },
      {
        "node_id": "0298100114-M1:6",
        "file_name": "C:\\Users\\hrish\\Downloads\\Assemblies for Training ML model\\Assembly 85\\Workspaces\\1649812067\\0298100114-M1.ipt",
        "component_type": "kPartDocumentObject",
        "grounded": false,
        "suppressed": false,
        "visible": true,
        "adaptive": false,
        "flexible": false,
        "dof_translation": 0,
        "dof_rotation": 0,
        "fully_constrained": true,
        "transform": {
          "rotation_matrix": [
            [
              -0.866025403784484,
              0.50000000000000311,
              4.9521567339822008E-16
            ],
            [
              -1.0348574182679061E-15,
              4.84935328291884E-16,
              0.99999999999999267
            ],
            [
              0.50000000000002764,
              0.86602540378448489,
              4.1446878734553846E-15
            ]
          ],
          "translation_cm": [
            -49.828149366811274,
            36.954627040657989,
            -14.480959698883153
          ]
        }
      },
      {
        "node_id": "0298100114-M1:7",
        "file_name": "C:\\Users\\hrish\\Downloads\\Assemblies for Training ML model\\Assembly 85\\Workspaces\\1649812067\\0298100114-M1.ipt",
        "component_type": "kPartDocumentObject",
        "grounded": false,
        "suppressed": false,
        "visible": true,
        "adaptive": false,
        "flexible": false,
        "dof_translation": 0,
        "dof_rotation": 0,
        "fully_constrained": true,
        "transform": {
          "rotation_matrix": [
            [
              -7.667903858451494E-16,
              7.8544092890899859E-16,
              -0.99999999999999856
            ],
            [
              -0.86602540378444925,
              0.50000000000007,
              -4.605479033839883E-16
            ],
            [
              0.50000000000007028,
              0.86602540378443582,
              5.5935819235179021E-16
            ]
          ],
          "translation_cm": [
            -67.456149366811246,
            84.251627040658107,
            -9.8809596988831565
          ]
        }
      },
      {
        "node_id": "0298100114-M1:8",
        "file_name": "C:\\Users\\hrish\\Downloads\\Assemblies for Training ML model\\Assembly 85\\Workspaces\\1649812067\\0298100114-M1.ipt",
        "component_type": "kPartDocumentObject",
        "grounded": false,
        "suppressed": false,
        "visible": true,
        "adaptive": false,
        "flexible": false,
        "dof_translation": 0,
        "dof_rotation": 0,
        "fully_constrained": true,
        "transform": {
          "rotation_matrix": [
            [
              1.6505257494205247E-15,
              2.1642011862717271E-15,
              1.0000000000000364
            ],
            [
              -0.86602540378449289,
              0.50000000000000722,
              8.3100020327181358E-16
            ],
            [
              -0.50000000000000477,
              -0.86602540378449344,
              2.4137730486584703E-15
            ]
          ],
          "translation_cm": [
            50.399850633188763,
            84.251627040658036,
            -9.880959698889404
          ]
        }
      },
      {
        "node_id": "0298100114-M1:9",
        "file_name": "C:\\Users\\hrish\\Downloads\\Assemblies for Training ML model\\Assembly 85\\Workspaces\\1649812067\\0298100114-M1.ipt",
        "component_type": "kPartDocumentObject",
        "grounded": false,
        "suppressed": false,
        "visible": true,
        "adaptive": false,
        "flexible": false,
        "dof_translation": 0,
        "dof_rotation": 0,
        "fully_constrained": true,
        "transform": {
          "rotation_matrix": [
            [
              2.9681660468458114E-16,
              -6.6043702453508106E-16,
              -0.99999999999999867
            ],
            [
              4.5574655160868015E-14,
              1.0000000000000391,
              -1.1558401889219934E-15
            ],
            [
              1.0000000000000502,
              -5.2513549064768465E-14,
              1.7172483110529098E-15
            ]
          ],
          "translation_cm": [
            -67.456149366811161,
            84.25162704065805,
            -4.9309596988830826
          ]
        }
      },
      {
        "node_id": "0298100114-M1:10",
        "file_name": "C:\\Users\\hrish\\Downloads\\Assemblies for Training ML model\\Assembly 85\\Workspaces\\1649812067\\0298100114-M1.ipt",
        "component_type": "kPartDocumentObject",
        "grounded": false,
        "suppressed": false,
        "visible": true,
        "adaptive": false,
        "flexible": false,
        "dof_translation": 0,
        "dof_rotation": 0,
        "fully_constrained": true,
        "transform": {
          "rotation_matrix": [
            [
              5.7990964073236047E-16,
              -2.7823216848214681E-15,
              1.0000000000000366
            ],
            [
              0.86602540378454118,
              0.49999999999992317,
              1.0333311807047912E-15
            ],
            [
              -0.49999999999992373,
              0.86602540378454351,
              3.2612871746775917E-15
            ]
          ],
          "translation_cm": [
            50.399850633188727,
            84.251627040658079,
            -4.9309596988892661
          ]
        }
      },
      {
        "node_id": "0298100114-M1:23",
        "file_name": "C:\\Users\\hrish\\Downloads\\Assemblies for Training ML model\\Assembly 85\\Workspaces\\1649812067\\0298100114-M1.ipt",
        "component_type": "kPartDocumentObject",
        "grounded": false,
        "suppressed": false,
        "visible": true,
        "adaptive": false,
        "flexible": false,
        "dof_translation": 0,
        "dof_rotation": 0,
        "fully_constrained": true,
        "transform": {
          "rotation_matrix": [
            [
              0.49999999999998995,
              0.86602540378443671,
              1.9740939025369524E-15
            ],
            [
              3.7660300329861826E-15,
              -4.45380574539139E-15,
              1.0000000000000002
            ],
            [
              0.8660254037844366,
              -0.49999999999998995,
              -5.4883805526769247E-15
            ]
          ],
          "translation_cm": [
            40.271850633188755,
            25.954627040658028,
            -10.480959698883138
          ]
        }
      },
      {
        "node_id": "0298100114-M1:24",
        "file_name": "C:\\Users\\hrish\\Downloads\\Assemblies for Training ML model\\Assembly 85\\Workspaces\\1649812067\\0298100114-M1.ipt",
        "component_type": "kPartDocumentObject",
        "grounded": false,
        "suppressed": false,
        "visible": true,
        "adaptive": false,
        "flexible": false,
        "dof_translation": 0,
        "dof_rotation": 0,
        "fully_constrained": true,
        "transform": {
          "rotation_matrix": [
            [
              1.0000000000000002,
              3.3306690738755185E-15,
              -6.8748219711471874E-16
            ],
            [
              9.245814037635456E-16,
              3.8082074808907944E-15,
              1.0000000000000007
            ],
            [
              2.7200464103315909E-15,
              -1.0000000000000011,
              4.059177614640697E-15
            ]
          ],
          "translation_cm": [
            -63.328149366810941,
            -33.545372959341968,
            0.16904030111691215
          ]
        }
      },
      {
        "node_id": "0298100114-M1:25",
        "file_name": "C:\\Users\\hrish\\Downloads\\Assemblies for Training ML model\\Assembly 85\\Workspaces\\1649812067\\0298100114-M1.ipt",
        "component_type": "kPartDocumentObject",
        "grounded": false,
        "suppressed": false,
        "visible": true,
        "adaptive": false,
        "flexible": false,
        "dof_translation": 0,
        "dof_rotation": 0,
        "fully_constrained": true,
        "transform": {
          "rotation_matrix": [
            [
              -0.500000000000008,
              0.86602540378443027,
              -7.7468939394819586E-16
            ],
            [
              -3.8125936134242149E-15,
              -1.0128091147182263E-15,
              1.0000000000000007
            ],
            [
              0.86602540378443049,
              0.50000000000000933,
              4.5338321746889334E-15
            ]
          ],
          "translation_cm": [
            30.6718506331895,
            -33.545372959341883,
            0.16904030111835477
          ]
        }
      },
      {
        "node_id": "0129327042-M101 (T=4.5):26",
        "file_name": "C:\\Users\\hrish\\Downloads\\Assemblies for Training ML model\\Assembly 85\\Workspaces\\1649812067\\0129327042-M101_T=4.5.ipt",
        "component_type": "kPartDocumentObject",
        "grounded": false,
        "suppressed": false,
        "visible": true,
        "adaptive": false,
        "flexible": false,
        "dof_translation": 0,
        "dof_rotation": 1,
        "fully_constrained": false,
        "transform": {
          "rotation_matrix": [
            [
              -1.0,
              -3.9237366840148815E-15,
              -1.9427446182237783E-16
            ],
            [
              -3.9211324401319719E-15,
              0.99992847255132544,
              -0.011960342017350788
            ],
            [
              2.41189798592624E-16,
              -0.011960342017350788,
              -0.99992847255132544
            ]
          ],
          "translation_cm": [
            -67.603149366811266,
            38.376627040657965,
            -10.380959698883109
          ]
        }
      },
      {
        "node_id": "0129327042-M101 (T=4.5):27",
        "file_name": "C:\\Users\\hrish\\Downloads\\Assemblies for Training ML model\\Assembly 85\\Workspaces\\1649812067\\0129327042-M101_T=4.5.ipt",
        "component_type": "kPartDocumentObject",
        "grounded": false,
        "suppressed": false,
        "visible": true,
        "adaptive": false,
        "flexible": false,
        "dof_translation": 0,
        "dof_rotation": 1,
        "fully_constrained": false,
        "transform": {
          "rotation_matrix": [
            [
              -0.99999999999999922,
              -4.1076444874928792E-15,
              -4.1011740207246496E-15
            ],
            [
              -2.9684311850376884E-15,
              0.736411358274783,
              0.67653404304874931
            ],
            [
              7.20815876055169E-16,
              0.67653404304874887,
              -0.73641135827478232
            ]
          ],
          "translation_cm": [
            -67.603149366811266,
            38.376627040657837,
            -4.8809596988831139
          ]
        }
      },
      {
        "node_id": "0129327042-M101 (T=4.5):28",
        "file_name": "C:\\Users\\hrish\\Downloads\\Assemblies for Training ML model\\Assembly 85\\Workspaces\\1649812067\\0129327042-M101_T=4.5.ipt",
        "component_type": "kPartDocumentObject",
        "grounded": false,
        "suppressed": false,
        "visible": true,
        "adaptive": false,
        "flexible": false,
        "dof_translation": 0,
        "dof_rotation": 1,
        "fully_constrained": false,
        "transform": {
          "rotation_matrix": [
            [
              1.0000000000000013,
              -2.11681989081847E-15,
              -3.3267657082167943E-16
            ],
            [
              8.0396279438906E-16,
              0.5145543589365319,
              -0.85745776088354164
            ],
            [
              1.9862638234072876E-15,
              0.85745776088354264,
              0.5145543589365309
            ]
          ],
          "translation_cm": [
            50.496850633188743,
            38.376627040658107,
            -6.1809596988831546
          ]
        }
      },
      {
        "node_id": "0129327042-M101 (T=4.5):29",
        "file_name": "C:\\Users\\hrish\\Downloads\\Assemblies for Training ML model\\Assembly 85\\Workspaces\\1649812067\\0129327042-M101_T=4.5.ipt",
        "component_type": "kPartDocumentObject",
        "grounded": false,
        "suppressed": false,
        "visible": true,
        "adaptive": false,
        "flexible": false,
        "dof_translation": 0,
        "dof_rotation": 1,
        "fully_constrained": false,
        "transform": {
          "rotation_matrix": [
            [
              0.99999999999999944,
              -9.3606197442601762E-16,
              2.459535666074035E-15
            ],
            [
              6.8332943420532234E-16,
              -0.81018585334141235,
              -0.58617308283940028
            ],
            [
              2.5413753357198805E-15,
              0.58617308283940006,
              -0.81018585334141346
            ]
          ],
          "translation_cm": [
            50.496850633188771,
            38.376627040658143,
            -4.1809596988831528
          ]
        }
      },
      {
        "node_id": "0129327042-M101 (T=4.5):30",
        "file_name": "C:\\Users\\hrish\\Downloads\\Assemblies for Training ML model\\Assembly 85\\Workspaces\\1649812067\\0129327042-M101_T=4.5.ipt",
        "component_type": "kPartDocumentObject",
        "grounded": false,
        "suppressed": false,
        "visible": true,
        "adaptive": false,
        "flexible": false,
        "dof_translation": 0,
        "dof_rotation": 1,
        "fully_constrained": false,
        "transform": {
          "rotation_matrix": [
            [
              0.99999999999999833,
              6.4942885684129049E-16,
              3.5067616481947782E-16
            ],
            [
              7.557052576634843E-16,
              -0.67633620985857568,
              -0.73659305673766151
            ],
            [
              -2.2546180852441225E-16,
              0.7365930567376634,
              -0.676336209858574
            ]
          ],
          "translation_cm": [
            50.546850633188754,
            24.70162704065805,
            -6.2309596988831393
          ]
        }
      },
      {
        "node_id": "0129327042-M101 (T=4.5):31",
        "file_name": "C:\\Users\\hrish\\Downloads\\Assemblies for Training ML model\\Assembly 85\\Workspaces\\1649812067\\0129327042-M101_T=4.5.ipt",
        "component_type": "kPartDocumentObject",
        "grounded": false,
        "suppressed": false,
        "visible": true,
        "adaptive": false,
        "flexible": false,
        "dof_translation": 0,
        "dof_rotation": 0,
        "fully_constrained": true,
        "transform": {
          "rotation_matrix": [
            [
              -2.6926237657472639E-15,
              1.8581454924178057E-16,
              1.0
            ],
            [
              1.8581454924177895E-16,
              -1.0,
              1.8581454924178111E-16
            ],
            [
              1.0,
              1.8581454924177946E-16,
              2.6926237657472703E-15
            ]
          ],
          "translation_cm": [
            46.846850633188772,
            34.051627040658033,
            -3.08095969888314
          ]
        }
      },
      {
        "node_id": "0129327042-M101 (T=4.5):32",
        "file_name": "C:\\Users\\hrish\\Downloads\\Assemblies for Training ML model\\Assembly 85\\Workspaces\\1649812067\\0129327042-M101_T=4.5.ipt",
        "component_type": "kPartDocumentObject",
        "grounded": false,
        "suppressed": false,
        "visible": true,
        "adaptive": false,
        "flexible": false,
        "dof_translation": 0,
        "dof_rotation": 0,
        "fully_constrained": true,
        "transform": {
          "rotation_matrix": [
            [
              -2.6926237657472639E-15,
              1.8581454924178057E-16,
              1.0
            ],
            [
              1.8581454924177895E-16,
              -1.0,
              1.8581454924178111E-16
            ],
            [
              1.0,
              1.8581454924177946E-16,
              2.6926237657472703E-15
            ]
          ],
          "translation_cm": [
            35.846850633188787,
            28.751627040658136,
            -3.0809596988831367
          ]
        }
      },
      {
        "node_id": "0129327042-M101 (T=4.5):33",
        "file_name": "C:\\Users\\hrish\\Downloads\\Assemblies for Training ML model\\Assembly 85\\Workspaces\\1649812067\\0129327042-M101_T=4.5.ipt",
        "component_type": "kPartDocumentObject",
        "grounded": false,
        "suppressed": false,
        "visible": true,
        "adaptive": false,
        "flexible": false,
        "dof_translation": 0,
        "dof_rotation": 0,
        "fully_constrained": true,
        "transform": {
          "rotation_matrix": [
            [
              -2.6926237657472639E-15,
              1.8581454924178057E-16,
              1.0
            ],
            [
              1.8581454924177895E-16,
              -1.0,
              1.8581454924178111E-16
            ],
            [
              1.0,
              1.8581454924177946E-16,
              2.6926237657472703E-15
            ]
          ],
          "translation_cm": [
            24.8468506331888,
            34.051627040658062,
            -3.0809596988831345
          ]
        }
      },
      {
        "node_id": "0129327042-M101 (T=4.5):34",
        "file_name": "C:\\Users\\hrish\\Downloads\\Assemblies for Training ML model\\Assembly 85\\Workspaces\\1649812067\\0129327042-M101_T=4.5.ipt",
        "component_type": "kPartDocumentObject",
        "grounded": false,
        "suppressed": false,
        "visible": true,
        "adaptive": false,
        "flexible": false,
        "dof_translation": 0,
        "dof_rotation": 0,
        "fully_constrained": true,
        "transform": {
          "rotation_matrix": [
            [
              -2.6926237657472639E-15,
              1.8581454924178057E-16,
              1.0
            ],
            [
              1.8581454924177895E-16,
              -1.0,
              1.8581454924178111E-16
            ],
            [
              1.0,
              1.8581454924177946E-16,
              2.6926237657472703E-15
            ]
          ],
          "translation_cm": [
            13.846850633188774,
            28.751627040658192,
            -3.0809596988831309
          ]
        }
      },
      {
        "node_id": "0129327042-M101 (T=4.5):35",
        "file_name": "C:\\Users\\hrish\\Downloads\\Assemblies for Training ML model\\Assembly 85\\Workspaces\\1649812067\\0129327042-M101_T=4.5.ipt",
        "component_type": "kPartDocumentObject",
        "grounded": false,
        "suppressed": false,
        "visible": true,
        "adaptive": false,
        "flexible": false,
        "dof_translation": 0,
        "dof_rotation": 0,
        "fully_constrained": true,
        "transform": {
          "rotation_matrix": [
            [
              -2.6926237657472639E-15,
              1.8581454924178057E-16,
              1.0
            ],
            [
              1.8581454924177895E-16,
              -1.0,
              1.8581454924178111E-16
            ],
            [
              1.0,
              1.8581454924177946E-16,
              2.6926237657472703E-15
            ]
          ],
          "translation_cm": [
            2.8468506331888164,
            34.051627040658005,
            -3.0809596988831291
          ]
        }
      },
      {
        "node_id": "0129327042-M101 (T=4.5):36",
        "file_name": "C:\\Users\\hrish\\Downloads\\Assemblies for Training ML model\\Assembly 85\\Workspaces\\1649812067\\0129327042-M101_T=4.5.ipt",
        "component_type": "kPartDocumentObject",
        "grounded": false,
        "suppressed": false,
        "visible": true,
        "adaptive": false,
        "flexible": false,
        "dof_translation": 0,
        "dof_rotation": 0,
        "fully_constrained": true,
        "transform": {
          "rotation_matrix": [
            [
              -2.6926237657472639E-15,
              1.8581454924178057E-16,
              1.0
            ],
            [
              1.8581454924177895E-16,
              -1.0,
              1.8581454924178111E-16
            ],
            [
              1.0,
              1.8581454924177946E-16,
              2.6926237657472703E-15
            ]
          ],
          "translation_cm": [
            -8.1531493668111832,
            28.751627040658107,
            -3.0809596988831256
          ]
        }
      },
      {
        "node_id": "0129327042-M101 (T=4.5):37",
        "file_name": "C:\\Users\\hrish\\Downloads\\Assemblies for Training ML model\\Assembly 85\\Workspaces\\1649812067\\0129327042-M101_T=4.5.ipt",
        "component_type": "kPartDocumentObject",
        "grounded": false,
        "suppressed": false,
        "visible": true,
        "adaptive": false,
        "flexible": false,
        "dof_translation": 0,
        "dof_rotation": 0,
        "fully_constrained": true,
        "transform": {
          "rotation_matrix": [
            [
              -2.6926237657472639E-15,
              1.8581454924178057E-16,
              1.0
            ],
            [
              1.8581454924177895E-16,
              -1.0,
              1.8581454924178111E-16
            ],
            [
              1.0,
              1.8581454924177946E-16,
              2.6926237657472703E-15
            ]
          ],
          "translation_cm": [
            -19.1531493668112,
            34.051627040658033,
            -3.0809596988831243
          ]
        }
      },
      {
        "node_id": "0129327042-M101 (T=4.5):38",
        "file_name": "C:\\Users\\hrish\\Downloads\\Assemblies for Training ML model\\Assembly 85\\Workspaces\\1649812067\\0129327042-M101_T=4.5.ipt",
        "component_type": "kPartDocumentObject",
        "grounded": false,
        "suppressed": false,
        "visible": true,
        "adaptive": false,
        "flexible": false,
        "dof_translation": 0,
        "dof_rotation": 0,
        "fully_constrained": true,
        "transform": {
          "rotation_matrix": [
            [
              -2.6926237657472639E-15,
              1.8581454924178057E-16,
              1.0
            ],
            [
              1.8581454924177895E-16,
              -1.0,
              1.8581454924178111E-16
            ],
            [
              1.0,
              1.8581454924177946E-16,
              2.6926237657472703E-15
            ]
          ],
          "translation_cm": [
            -30.153149366811164,
            28.751627040658164,
            -3.0809596988831203
          ]
        }
      },
      {
        "node_id": "0129327042-M101 (T=4.5):39",
        "file_name": "C:\\Users\\hrish\\Downloads\\Assemblies for Training ML model\\Assembly 85\\Workspaces\\1649812067\\0129327042-M101_T=4.5.ipt",
        "component_type": "kPartDocumentObject",
        "grounded": false,
        "suppressed": false,
        "visible": true,
        "adaptive": false,
        "flexible": false,
        "dof_translation": 0,
        "dof_rotation": 0,
        "fully_constrained": true,
        "transform": {
          "rotation_matrix": [
            [
              -2.6926237657472639E-15,
              1.8581454924178057E-16,
              1.0
            ],
            [
              1.8581454924177895E-16,
              -1.0,
              1.8581454924178111E-16
            ],
            [
              1.0,
              1.8581454924177946E-16,
              2.6926237657472703E-15
            ]
          ],
          "translation_cm": [
            -41.153149366811171,
            34.051627040658062,
            -3.0809596988831189
          ]
        }
      },
      {
        "node_id": "0129327042-M101 (T=4.5):40",
        "file_name": "C:\\Users\\hrish\\Downloads\\Assemblies for Training ML model\\Assembly 85\\Workspaces\\1649812067\\0129327042-M101_T=4.5.ipt",
        "component_type": "kPartDocumentObject",
        "grounded": false,
        "suppressed": false,
        "visible": true,
        "adaptive": false,
        "flexible": false,
        "dof_translation": 0,
        "dof_rotation": 0,
        "fully_constrained": true,
        "transform": {
          "rotation_matrix": [
            [
              3.0370891985918794E-16,
              -1.8581454924178114E-16,
              -1.0
            ],
            [
              1.8581454924178119E-16,
              1.0,
              -1.8581454924178109E-16
            ],
