{
  "assembly_metadata": {
    "assembly_name": "1830190514-M1.iam",
    "full_file_name": "C:\\Users\\hrish\\Downloads\\Assemblies for Training ML model\\Assembly 50\\Workspaces\\1830190514-M1\\1830190514-M1.iam",
    "internal_name": "{BC8E9146-4495-4F9A-ACD8-53A564D1E873}",
    "total_occurrences": 36,
    "total_constraints": 76
  },
  "physics": {
    "mass_kg": 3.0086424128985012,
    "center_of_mass": [
      0.068227104127251123,
      -0.006088267917691118,
      -0.058273732938505331
    ],
    "inertia_tensor": [
      356.52388715823525,
      628.18326660418211,
      983.34472543628237,
      0.44462419216012816,
      0.086703495320857971,
      0.062700133353043391
    ]
  },
  "assembly_graph": {
    "nodes": [
      {
        "node_id": "1830190514-P1:1",
        "file_name": "C:\\Users\\hrish\\Downloads\\Assemblies for Training ML model\\Assembly 50\\Workspaces\\1830190514-M1\\1830190514-P1.ipt",
        "component_type": "kPartDocumentObject",
        "grounded": true,
        "suppressed": false,
        "visible": true,
        "adaptive": false,
        "flexible": false,
        "dof_translation": 0,
        "dof_rotation": 0,
        "fully_constrained": false,
        "transform": {
          "rotation_matrix": [
            [
              1.0,
              0.0,
              0.0
            ],
            [
              0.0,
              1.0,
              0.0
            ],
            [
              0.0,
              0.0,
              1.0
            ]
          ],
          "translation_cm": [
            0.0,
            0.0,
            0.0
          ]
        }
      },
      {
        "node_id": "1830062247-M1:1",
        "file_name": "C:\\Users\\hrish\\Downloads\\Assemblies for Training ML model\\Assembly 50\\Workspaces\\1830190514-M1\\1830062247-M1.ipt",
        "component_type": "kPartDocumentObject",
        "grounded": false,
        "suppressed": false,
        "visible": true,
        "adaptive": false,
        "flexible": false,
        "dof_translation": 0,
        "dof_rotation": 0,
        "fully_constrained": true,
        "transform": {
          "rotation_matrix": [
            [
              0.86602540378443715,
              0.4999999999999985,
              1.3684030146183262E-15
            ],
            [
              -0.49999999999999833,
              0.86602540378443615,
              3.7174210201511946E-16
            ],
            [
              1.4791141972894755E-31,
              -8.7931869964144547E-31,
              0.99999999999999623
            ]
          ],
          "translation_cm": [
            -9.1287896625415463,
            12.150134841745309,
            -1.1999999999999944
          ]
        }
      },
      {
        "node_id": "0298100090-M1:1",
        "file_name": "C:\\Users\\hrish\\Downloads\\Assemblies for Training ML model\\Assembly 50\\Workspaces\\1830190514-M1\\0298100090-M1.ipt",
        "component_type": "kPartDocumentObject",
        "grounded": false,
        "suppressed": false,
        "visible": true,
        "adaptive": false,
        "flexible": false,
        "dof_translation": 0,
        "dof_rotation": 0,
        "fully_constrained": true,
        "transform": {
          "rotation_matrix": [
            [
              1.3406497137659339E-15,
              -1.000000000000008,
              -5.7913713334404617E-16
            ],
            [
              1.000000000000006,
              -2.1366252070928628E-16,
              -1.9322558466132428E-16
            ],
            [
              2.4651903288176237E-32,
              -4.4321598858401769E-30,
              1.0000000000000016
            ]
          ],
          "translation_cm": [
            -12.997113248654001,
            15.504999999999995,
            0.11999999999999983
          ]
        }
      },
      {
        "node_id": "0298100031-M1-00:1",
        "file_name": "C:\\Users\\hrish\\Downloads\\Assemblies for Training ML model\\Assembly 50\\Workspaces\\1830190514-M1\\0298100031-M1-00.ipt",
        "component_type": "kPartDocumentObject",
        "grounded": false,
        "suppressed": false,
        "visible": true,
        "adaptive": false,
        "flexible": false,
        "dof_translation": 0,
        "dof_rotation": 0,
        "fully_constrained": true,
        "transform": {
          "rotation_matrix": [
            [
              2.095545958979983E-15,
              -1.0000000000000011,
              1.1082600211529127E-15
            ],
            [
              1.0000000000000009,
              6.8001160258290838E-15,
              6.4779314551368448E-16
            ],
            [
              1.6360774877569455E-31,
              8.79110158308145E-18,
              1.0000000000000067
            ]
          ],
          "translation_cm": [
            -8.2000000000000171,
            12.489999999999966,
            0.13999999999999965
          ]
        }
      },
      {
        "node_id": "0298100090-M1:2",
        "file_name": "C:\\Users\\hrish\\Downloads\\Assemblies for Training ML model\\Assembly 50\\Workspaces\\1830190514-M1\\0298100090-M1.ipt",
        "component_type": "kPartDocumentObject",
        "grounded": false,
        "suppressed": false,
        "visible": true,
        "adaptive": false,
        "flexible": false,
        "dof_translation": 0,
        "dof_rotation": 1,
        "fully_constrained": false,
        "transform": {
          "rotation_matrix": [
            [
              1.3406497137659325E-15,
              -1.000000000000008,
              -5.7913713334404617E-16
            ],
            [
              1.000000000000006,
              -2.1366252070928663E-16,
              0.0
            ],
            [
              -1.9322558466132512E-16,
              -4.3908748203559131E-30,
              1.0000000000000016
            ]
          ],
          "translation_cm": [
            -21.499999999999865,
            15.499999999999929,
            0.11999999999999983
          ]
        }
      },
      {
        "node_id": "0298100090-M1:3",
        "file_name": "C:\\Users\\hrish\\Downloads\\Assemblies for Training ML model\\Assembly 50\\Workspaces\\1830190514-M1\\0298100090-M1.ipt",
        "component_type": "kPartDocumentObject",
        "grounded": false,
        "suppressed": false,
        "visible": true,
        "adaptive": false,
        "flexible": false,
        "dof_translation": 0,
        "dof_rotation": 1,
        "fully_constrained": false,
        "transform": {
          "rotation_matrix": [
            [
              1.4516720162284491E-15,
              -1.0000000000000082,
              -7.4567058703781886E-16
            ],
            [
              1.0000000000000064,
              -3.8019597440306164E-16,
              -8.75811540203018E-47
            ],
            [
              -1.4169995477215727E-16,
              -1.6653345369377982E-16,
              1.000000000000002
            ]
          ],
          "translation_cm": [
            21.000000000000007,
            15.500000000000021,
            0.11999999999999972
          ]
        }
      },
      {
        "node_id": "0298100090-M1:4",
        "file_name": "C:\\Users\\hrish\\Downloads\\Assemblies for Training ML model\\Assembly 50\\Workspaces\\1830190514-M1\\0298100090-M1.ipt",
        "component_type": "kPartDocumentObject",
        "grounded": false,
        "suppressed": false,
        "visible": true,
        "adaptive": false,
        "flexible": false,
        "dof_translation": 0,
        "dof_rotation": 0,
        "fully_constrained": true,
        "transform": {
          "rotation_matrix": [
            [
              -0.50000000000000577,
              0.866025403784442,
              2.0246733871008524E-16
            ],
            [
              -0.86602540378444,
              -0.50000000000000533,
              -3.5068371751912725E-16
            ],
            [
              -3.9569292337141337E-16,
              2.2845341582491562E-16,
              1.0000000000000013
            ]
          ],
          "translation_cm": [
            14.399999999999984,
            -15.799999999999997,
            0.12000000000000192
          ]
        }
      },
      {
        "node_id": "0298100090-M1:5",
        "file_name": "C:\\Users\\hrish\\Downloads\\Assemblies for Training ML model\\Assembly 50\\Workspaces\\1830190514-M1\\0298100090-M1.ipt",
        "component_type": "kPartDocumentObject",
        "grounded": false,
        "suppressed": false,
        "visible": true,
        "adaptive": false,
        "flexible": false,
        "dof_translation": 0,
        "dof_rotation": 0,
        "fully_constrained": true,
        "transform": {
          "rotation_matrix": [
            [
              -0.5000000000000121,
              0.86602540378444115,
              2.0246733871008438E-16
            ],
            [
              -0.86602540378443871,
              -0.50000000000001177,
              -3.5068371751912961E-16
            ],
            [
              -3.9569292337141317E-16,
              2.2845341582491532E-16,
              1.0000000000000016
            ]
          ],
          "translation_cm": [
            6.49999999999998,
            -15.000000000000005,
            0.119999999999999
          ]
        }
      },
      {
        "node_id": "0298100090-M1:6",
        "file_name": "C:\\Users\\hrish\\Downloads\\Assemblies for Training ML model\\Assembly 50\\Workspaces\\1830190514-M1\\0298100090-M1.ipt",
        "component_type": "kPartDocumentObject",
        "grounded": false,
        "suppressed": false,
        "visible": true,
        "adaptive": false,
        "flexible": false,
        "dof_translation": 0,
        "dof_rotation": 0,
        "fully_constrained": true,
        "transform": {
          "rotation_matrix": [
            [
              -0.50000000000000888,
              0.8660254037844427,
              5.9816026208149814E-16
            ],
            [
              -0.86602540378444026,
              -0.50000000000000855,
              -4.235409292103633E-30
            ],
            [
              1.0585454637942449E-16,
              6.1115150847106456E-17,
              1.0000000000000016
            ]
          ],
          "translation_cm": [
            14.400000000000009,
            4.2000000000000082,
            0.11999999999999933
          ]
        }
      },
      {
        "node_id": "0298100090-M1:7",
        "file_name": "C:\\Users\\hrish\\Downloads\\Assemblies for Training ML model\\Assembly 50\\Workspaces\\1830190514-M1\\0298100090-M1.ipt",
        "component_type": "kPartDocumentObject",
        "grounded": false,
        "suppressed": false,
        "visible": true,
        "adaptive": false,
        "flexible": false,
        "dof_translation": 0,
        "dof_rotation": 1,
        "fully_constrained": false,
        "transform": {
          "rotation_matrix": [
            [
              -0.50000000000000888,
              0.8660254037844427,
              5.9816026208149814E-16
            ],
            [
              -0.86602540378444026,
              -0.50000000000000855,
              -1.9060976872730415E-31
            ],
            [
              1.0585454637942799E-16,
              6.1115150847108477E-17,
              1.0000000000000016
            ]
          ],
          "translation_cm": [
            6.4999999999999893,
            5.0000000000000018,
            0.11999999999999922
          ]
        }
      },
      {
        "node_id": "0298100031-M1-00:2",
        "file_name": "C:\\Users\\hrish\\Downloads\\Assemblies for Training ML model\\Assembly 50\\Workspaces\\1830190514-M1\\0298100031-M1-00.ipt",
        "component_type": "kPartDocumentObject",
        "grounded": false,
        "suppressed": false,
        "visible": true,
        "adaptive": false,
        "flexible": false,
        "dof_translation": 0,
        "dof_rotation": 1,
        "fully_constrained": false,
        "transform": {
          "rotation_matrix": [
            [
              2.095545958979983E-15,
              -1.0000000000000011,
              1.1082600211529127E-15
            ],
            [
              1.0000000000000009,
              6.8001160258290838E-15,
              6.4779314551368448E-16
            ],
            [
              1.6360774877569455E-31,
              8.79110158308145E-18,
              1.0000000000000067
            ]
          ],
          "translation_cm": [
            -8.1999999999999957,
            9.5000000000000053,
            0.13999999999999965
          ]
        }
      },
      {
        "node_id": "0298100031-M1-00:3",
        "file_name": "C:\\Users\\hrish\\Downloads\\Assemblies for Training ML model\\Assembly 50\\Workspaces\\1830190514-M1\\0298100031-M1-00.ipt",
        "component_type": "kPartDocumentObject",
        "grounded": false,
        "suppressed": false,
        "visible": true,
        "adaptive": false,
        "flexible": false,
        "dof_translation": 0,
        "dof_rotation": 1,
        "fully_constrained": false,
        "transform": {
          "rotation_matrix": [
            [
              2.095545958979983E-15,
              -1.0000000000000011,
              1.1082600211529127E-15
            ],
            [
              1.0000000000000009,
              6.8001160258290838E-15,
              -1.2042408677791739E-46
            ],
            [
              6.4779314551368093E-16,
              8.7911015830858544E-18,
              1.0000000000000067
            ]
          ],
          "translation_cm": [
            -10.799999999999999,
            4.8000000000000025,
            0.14000000000000276
          ]
        }
      },
      {
        "node_id": "0298100031-M1-00:4",
        "file_name": "C:\\Users\\hrish\\Downloads\\Assemblies for Training ML model\\Assembly 50\\Workspaces\\1830190514-M1\\0298100031-M1-00.ipt",
        "component_type": "kPartDocumentObject",
        "grounded": false,
        "suppressed": false,
        "visible": true,
        "adaptive": false,
        "flexible": false,
        "dof_translation": 0,
        "dof_rotation": 1,
        "fully_constrained": false,
        "transform": {
          "rotation_matrix": [
            [
              2.095545958979983E-15,
              -1.0000000000000011,
              1.1082600211529127E-15
            ],
            [
              1.0000000000000009,
              6.8001160258290838E-15,
              -1.2042408677791739E-46
            ],
            [
              6.4779314551368093E-16,
              8.7911015830858544E-18,
              1.0000000000000067
            ]
          ],
          "translation_cm": [
            -18.9,
            4.7999999999999972,
            0.14000000000000284
          ]
        }
      },
      {
        "node_id": "0298100031-M1-00:5",
        "file_name": "C:\\Users\\hrish\\Downloads\\Assemblies for Training ML model\\Assembly 50\\Workspaces\\1830190514-M1\\0298100031-M1-00.ipt",
        "component_type": "kPartDocumentObject",
        "grounded": false,
        "suppressed": false,
        "visible": true,
        "adaptive": false,
        "flexible": false,
        "dof_translation": 0,
        "dof_rotation": 1,
        "fully_constrained": false,
        "transform": {
          "rotation_matrix": [
            [
              2.095545958979983E-15,
              -1.0000000000000011,
              1.1082600211529127E-15
            ],
            [
              1.0000000000000009,
              6.8001160258290838E-15,
              -1.2042408677791739E-46
            ],
            [
              6.4779314551368093E-16,
              8.7911015830858544E-18,
              1.0000000000000067
            ]
          ],
          "translation_cm": [
            -8.2000000000000028,
            -2.0,
            0.13999999999999835
          ]
        }
      },
      {
        "node_id": "0298100031-M1-00:6",
        "file_name": "C:\\Users\\hrish\\Downloads\\Assemblies for Training ML model\\Assembly 50\\Workspaces\\1830190514-M1\\0298100031-M1-00.ipt",
        "component_type": "kPartDocumentObject",
        "grounded": false,
        "suppressed": false,
        "visible": true,
        "adaptive": false,
        "flexible": false,
        "dof_translation": 0,
        "dof_rotation": 1,
        "fully_constrained": false,
        "transform": {
          "rotation_matrix": [
            [
              2.095545958979983E-15,
              -1.0000000000000011,
              1.1082600211529127E-15
            ],
            [
              1.0000000000000009,
              6.8001160258290838E-15,
              -1.2042408677791739E-46
            ],
            [
              6.4779314551368093E-16,
              8.7911015830858544E-18,
              1.0000000000000067
            ]
          ],
          "translation_cm": [
            -8.2000000000000028,
            1.0999999999999992,
            0.14000000000000035
          ]
        }
      },
      {
        "node_id": "0298100031-M1-00:7",
        "file_name": "C:\\Users\\hrish\\Downloads\\Assemblies for Training ML model\\Assembly 50\\Workspaces\\1830190514-M1\\0298100031-M1-00.ipt",
        "component_type": "kPartDocumentObject",
        "grounded": false,
        "suppressed": false,
        "visible": true,
        "adaptive": false,
        "flexible": false,
        "dof_translation": 0,
        "dof_rotation": 1,
        "fully_constrained": false,
        "transform": {
          "rotation_matrix": [
            [
              2.095545958979983E-15,
              -1.0000000000000011,
              1.1082600211529127E-15
            ],
            [
              1.0000000000000009,
              6.8001160258290838E-15,
              -1.2042408677791739E-46
            ],
            [
              6.4779314551368093E-16,
              8.7911015830858544E-18,
              1.0000000000000067
            ]
          ],
          "translation_cm": [
            -10.8,
            -6.0000000000000036,
            0.13999999999999577
          ]
        }
      },
      {
        "node_id": "0298100031-M1-00:8",
        "file_name": "C:\\Users\\hrish\\Downloads\\Assemblies for Training ML model\\Assembly 50\\Workspaces\\1830190514-M1\\0298100031-M1-00.ipt",
        "component_type": "kPartDocumentObject",
        "grounded": false,
        "suppressed": false,
        "visible": true,
        "adaptive": false,
        "flexible": false,
        "dof_translation": 0,
        "dof_rotation": 1,
        "fully_constrained": false,
        "transform": {
          "rotation_matrix": [
            [
              2.095545958979983E-15,
              -1.0000000000000011,
              1.1082600211529127E-15
            ],
            [
              1.0000000000000009,
              6.8001160258290838E-15,
              -1.2042408677791739E-46
            ],
            [
              6.4779314551368093E-16,
              8.7911015830858544E-18,
              1.0000000000000067
            ]
          ],
          "translation_cm": [
            -18.900000000000002,
            -5.9999999999999947,
            0.13999999999999585
          ]
        }
      },
      {
        "node_id": "0298100031-M1-00:9",
        "file_name": "C:\\Users\\hrish\\Downloads\\Assemblies for Training ML model\\Assembly 50\\Workspaces\\1830190514-M1\\0298100031-M1-00.ipt",
        "component_type": "kPartDocumentObject",
        "grounded": false,
        "suppressed": false,
        "visible": true,
        "adaptive": false,
        "flexible": false,
        "dof_translation": 0,
        "dof_rotation": 1,
        "fully_constrained": false,
        "transform": {
          "rotation_matrix": [
            [
              2.095545958979983E-15,
              -1.0000000000000011,
              1.1082600211529127E-15
            ],
            [
              1.0000000000000009,
              6.8001160258290838E-15,
              -1.2042408677791739E-46
            ],
            [
              6.4779314551368093E-16,
              8.7911015830858544E-18,
              1.0000000000000067
            ]
          ],
          "translation_cm": [
            1.8000000000000007,
            -1.9999999999999996,
            0.13999999999999826
          ]
        }
      },
      {
        "node_id": "0298100031-M1-00:10",
        "file_name": "C:\\Users\\hrish\\Downloads\\Assemblies for Training ML model\\Assembly 50\\Workspaces\\1830190514-M1\\0298100031-M1-00.ipt",
        "component_type": "kPartDocumentObject",
        "grounded": false,
        "suppressed": false,
        "visible": true,
        "adaptive": false,
        "flexible": false,
        "dof_translation": 0,
        "dof_rotation": 1,
        "fully_constrained": false,
        "transform": {
          "rotation_matrix": [
            [
              2.095545958979983E-15,
              -1.0000000000000011,
              1.1082600211529127E-15
            ],
            [
              1.0000000000000009,
              6.8001160258290838E-15,
              -1.2042408677791739E-46
            ],
            [
              6.4779314551368093E-16,
              8.7911015830858544E-18,
              1.0000000000000067
            ]
          ],
          "translation_cm": [
            1.7999999999999972,
            1.0999999999999992,
            0.14000000000000026
          ]
        }
      },
      {
        "node_id": "0298100031-M1-00:11",
        "file_name": "C:\\Users\\hrish\\Downloads\\Assemblies for Training ML model\\Assembly 50\\Workspaces\\1830190514-M1\\0298100031-M1-00.ipt",
        "component_type": "kPartDocumentObject",
        "grounded": false,
        "suppressed": false,
        "visible": true,
        "adaptive": false,
        "flexible": false,
        "dof_translation": 0,
        "dof_rotation": 1,
        "fully_constrained": false,
        "transform": {
          "rotation_matrix": [
            [
              2.095545958979983E-15,
              -1.0000000000000011,
              1.1082600211529127E-15
            ],
            [
              1.0000000000000009,
              6.8001160258290838E-15,
              -1.2042408677791739E-46
            ],
            [
              6.4779314551368093E-16,
              8.7911015830858544E-18,
              1.0000000000000067
            ]
          ],
          "translation_cm": [
            1.8000000000000043,
            9.5000000000000036,
            0.1400000000000057
          ]
        }
      },
      {
        "node_id": "0298100031-M1-00:12",
        "file_name": "C:\\Users\\hrish\\Downloads\\Assemblies for Training ML model\\Assembly 50\\Workspaces\\1830190514-M1\\0298100031-M1-00.ipt",
        "component_type": "kPartDocumentObject",
        "grounded": false,
        "suppressed": false,
        "visible": true,
        "adaptive": false,
        "flexible": false,
        "dof_translation": 0,
        "dof_rotation": 1,
        "fully_constrained": false,
        "transform": {
          "rotation_matrix": [
            [
              2.095545958979983E-15,
              -1.0000000000000011,
              1.1082600211529127E-15
            ],
            [
              1.0000000000000009,
              6.8001160258290838E-15,
              -1.2042408677791739E-46
            ],
            [
              6.4779314551368093E-16,
              8.7911015830858544E-18,
              1.0000000000000067
            ]
          ],
          "translation_cm": [
            1.8000000000000043,
            12.5,
            0.14000000000000765
          ]
        }
      },
      {
        "node_id": "1830062247-M1:2",
        "file_name": "C:\\Users\\hrish\\Downloads\\Assemblies for Training ML model\\Assembly 50\\Workspaces\\1830190514-M1\\1830062247-M1.ipt",
        "component_type": "kPartDocumentObject",
        "grounded": false,
        "suppressed": false,
        "visible": true,
        "adaptive": false,
        "flexible": false,
        "dof_translation": 0,
        "dof_rotation": 1,
        "fully_constrained": false,
        "transform": {
          "rotation_matrix": [
            [
              0.86602540378443726,
              0.49999999999999833,
              1.3684030146183262E-15
            ],
            [
              -0.49999999999999817,
              0.86602540378443627,
              0.0
            ],
            [
              -1.8587105100755973E-16,
              3.2193810400131951E-16,
              0.99999999999999623
            ]
          ],
          "translation_cm": [
            -20.931676413887409,
            8.4451348417453111,
            -1.1999999999999913
          ]
        }
      },
      {
        "node_id": "1830062247-M1:3",
        "file_name": "C:\\Users\\hrish\\Downloads\\Assemblies for Training ML model\\Assembly 50\\Workspaces\\1830190514-M1\\1830062247-M1.ipt",
        "component_type": "kPartDocumentObject",
        "grounded": false,
        "suppressed": false,
        "visible": true,
        "adaptive": false,
        "flexible": false,
        "dof_translation": 0,
        "dof_rotation": 1,
        "fully_constrained": false,
        "transform": {
          "rotation_matrix": [
            [
              0.86602540378443726,
              0.49999999999999833,
              1.3684030146183262E-15
            ],
            [
              -0.49999999999999817,
              0.86602540378443627,
              0.0
            ],
            [
              -1.8587105100755973E-16,
              3.2193810400131951E-16,
              0.99999999999999623
            ]
          ],
          "translation_cm": [
            -20.931676413887477,
            13.445134841745295,
            -1.1999999999999897
          ]
        }
      },
      {
        "node_id": "1830062247-M1:4",
        "file_name": "C:\\Users\\hrish\\Downloads\\Assemblies for Training ML model\\Assembly 50\\Workspaces\\1830190514-M1\\1830062247-M1.ipt",
        "component_type": "kPartDocumentObject",
        "grounded": false,
        "suppressed": false,
        "visible": true,
        "adaptive": false,
        "flexible": false,
        "dof_translation": 0,
        "dof_rotation": 1,
        "fully_constrained": false,
        "transform": {
          "rotation_matrix": [
            [
              0.86602540378443726,
              0.49999999999999833,
              1.3684030146183262E-15
            ],
            [
              -0.49999999999999817,
              0.86602540378443627,
              0.0
            ],
            [
              -1.8587105100755973E-16,
              3.2193810400131951E-16,
              0.99999999999999623
            ]
          ],
          "translation_cm": [
            -12.631676413887472,
            9.1451348417452945,
            -1.1999999999999909
          ]
        }
      },
      {
        "node_id": "1830062247-M1:5",
        "file_name": "C:\\Users\\hrish\\Downloads\\Assemblies for Training ML model\\Assembly 50\\Workspaces\\1830190514-M1\\1830062247-M1.ipt",
        "component_type": "kPartDocumentObject",
        "grounded": false,
        "suppressed": false,
        "visible": true,
        "adaptive": false,
        "flexible": false,
        "dof_translation": 0,
        "dof_rotation": 1,
        "fully_constrained": false,
        "transform": {
          "rotation_matrix": [
            [
              0.86602540378443726,
              0.49999999999999833,
              1.3684030146183262E-15
            ],
            [
              -0.49999999999999817,
              0.86602540378443627,
              0.0
            ],
            [
              -1.8587105100755973E-16,
              3.2193810400131951E-16,
              0.99999999999999623
            ]
          ],
          "translation_cm": [
            -17.331676413887479,
            12.745134841745292,
            -1.1999999999999895
          ]
        }
      },
      {
        "node_id": "1830062247-M1:6",
        "file_name": "C:\\Users\\hrish\\Downloads\\Assemblies for Training ML model\\Assembly 50\\Workspaces\\1830190514-M1\\1830062247-M1.ipt",
        "component_type": "kPartDocumentObject",
        "grounded": false,
        "suppressed": false,
        "visible": true,
        "adaptive": false,
        "flexible": false,
        "dof_translation": 0,
        "dof_rotation": 1,
        "fully_constrained": false,
        "transform": {
          "rotation_matrix": [
            [
              0.86602540378443726,
              0.49999999999999833,
              1.3684030146183262E-15
            ],
            [
              -0.49999999999999817,
              0.86602540378443627,
              0.0
            ],
            [
              -1.8587105100755973E-16,
              3.2193810400131951E-16,
              0.99999999999999623
            ]
          ],
          "translation_cm": [
            -17.331676413887479,
            7.7451348417452959,
            -1.1999999999999915
          ]
        }
      },
      {
        "node_id": "1830062247-M1:7",
        "file_name": "C:\\Users\\hrish\\Downloads\\Assemblies for Training ML model\\Assembly 50\\Workspaces\\1830190514-M1\\1830062247-M1.ipt",
        "component_type": "kPartDocumentObject",
        "grounded": false,
        "suppressed": false,
        "visible": true,
        "adaptive": false,
        "flexible": false,
        "dof_translation": 0,
        "dof_rotation": 1,
        "fully_constrained": false,
        "transform": {
          "rotation_matrix": [
            [
              0.86602540378443726,
              0.49999999999999833,
              1.3684030146183262E-15
            ],
            [
              -0.49999999999999817,
              0.86602540378443627,
              0.0
            ],
            [
              -1.8587105100755973E-16,
              3.2193810400131951E-16,
              0.99999999999999623
            ]
          ],
          "translation_cm": [
            -9.13167641388748,
            8.4451348417453111,
            -1.1999999999999913
          ]
        }
      },
      {
        "node_id": "1830062247-M1:8",
        "file_name": "C:\\Users\\hrish\\Downloads\\Assemblies for Training ML model\\Assembly 50\\Workspaces\\1830190514-M1\\1830062247-M1.ipt",
        "component_type": "kPartDocumentObject",
        "grounded": false,
        "suppressed": false,
        "visible": true,
        "adaptive": false,
        "flexible": false,
        "dof_translation": 0,
        "dof_rotation": 1,
        "fully_constrained": false,
        "transform": {
          "rotation_matrix": [
            [
              0.86602540378443726,
              0.49999999999999833,
              1.3684030146183262E-15
            ],
            [
              -0.49999999999999817,
              0.86602540378443627,
              0.0
            ],
            [
              -1.8587105100755973E-16,
              3.2193810400131951E-16,
              0.99999999999999623
            ]
          ],
          "translation_cm": [
            -6.53167641388747,
            11.945134841745313,
            -1.19999999999999
          ]
        }
      },
      {
        "node_id": "1830062247-M1:9",
        "file_name": "C:\\Users\\hrish\\Downloads\\Assemblies for Training ML model\\Assembly 50\\Workspaces\\1830190514-M1\\1830062247-M1.ipt",
        "component_type": "kPartDocumentObject",
        "grounded": false,
        "suppressed": false,
        "visible": true,
        "adaptive": false,
        "flexible": false,
        "dof_translation": 0,
        "dof_rotation": 1,
        "fully_constrained": false,
        "transform": {
          "rotation_matrix": [
            [
              0.86602540378443726,
              0.49999999999999833,
              1.3684030146183262E-15
            ],
            [
              -0.49999999999999817,
              0.86602540378443627,
              0.0
            ],
            [
              -1.8587105100755973E-16,
              3.2193810400131951E-16,
              0.99999999999999623
            ]
          ],
          "translation_cm": [
            -6.531676413887471,
            -3.7755923340718165,
            -1.1999999999999962
          ]
        }
      },
      {
        "node_id": "1830062247-M1:10",
        "file_name": "C:\\Users\\hrish\\Downloads\\Assemblies for Training ML model\\Assembly 50\\Workspaces\\1830190514-M1\\1830062247-M1.ipt",
        "component_type": "kPartDocumentObject",
        "grounded": false,
        "suppressed": false,
        "visible": true,
        "adaptive": false,
        "flexible": false,
        "dof_translation": 0,
        "dof_rotation": 1,
        "fully_constrained": false,
        "transform": {
          "rotation_matrix": [
            [
              0.86602540378443726,
              0.49999999999999833,
              1.3684030146183262E-15
            ],
            [
              -0.49999999999999817,
              0.86602540378443627,
              0.0
            ],
            [
              -1.8587105100755973E-16,
              3.2193810400131951E-16,
              0.99999999999999623
            ]
          ],
          "translation_cm": [
            -6.53167641388747,
            -0.15486515825468961,
            -1.1999999999999946
          ]
        }
      },
      {
        "node_id": "1830062247-M1:11",
        "file_name": "C:\\Users\\hrish\\Downloads\\Assemblies for Training ML model\\Assembly 50\\Workspaces\\1830190514-M1\\1830062247-M1.ipt",
        "component_type": "kPartDocumentObject",
        "grounded": false,
        "suppressed": false,
        "visible": true,
        "adaptive": false,
        "flexible": false,
        "dof_translation": 0,
        "dof_rotation": 1,
        "fully_constrained": false,
        "transform": {
          "rotation_matrix": [
            [
              0.86602540378443726,
              0.49999999999999833,
              1.3684030146183262E-15
            ],
            [
              -0.49999999999999817,
              0.86602540378443627,
              0.0
            ],
            [
              -1.8587105100755973E-16,
              3.2193810400131951E-16,
              0.99999999999999623
            ]
          ],
          "translation_cm": [
            10.068323586112514,
            -3.7548651582546873,
            -1.199999999999996
          ]
        }
      },
      {
        "node_id": "1830062247-M1:12",
        "file_name": "C:\\Users\\hrish\\Downloads\\Assemblies for Training ML model\\Assembly 50\\Workspaces\\1830190514-M1\\1830062247-M1.ipt",
        "component_type": "kPartDocumentObject",
        "grounded": false,
        "suppressed": false,
        "visible": true,
        "adaptive": false,
        "flexible": false,
        "dof_translation": 0,
        "dof_rotation": 1,
        "fully_constrained": false,
        "transform": {
          "rotation_matrix": [
            [
              0.86602540378443726,
              0.49999999999999833,
              1.3684030146183262E-15
            ],
            [
              -0.49999999999999817,
              0.86602540378443627,
              0.0
            ],
            [
              -1.8587105100755973E-16,
              3.2193810400131951E-16,
              0.99999999999999623
            ]
          ],
          "translation_cm": [
            9.9683235861125183,
            8.4451348417453147,
            -1.1999999999999913
          ]
        }
      },
      {
        "node_id": "1830062247-M1:13",
        "file_name": "C:\\Users\\hrish\\Downloads\\Assemblies for Training ML model\\Assembly 50\\Workspaces\\1830190514-M1\\1830062247-M1.ipt",
        "component_type": "kPartDocumentObject",
        "grounded": false,
        "suppressed": false,
        "visible": true,
        "adaptive": false,
        "flexible": false,
        "dof_translation": 0,
        "dof_rotation": 1,
        "fully_constrained": false,
        "transform": {
          "rotation_matrix": [
            [
              0.86602540378443726,
              0.49999999999999833,
              1.3684030146183262E-15
            ],
            [
              -0.49999999999999817,
              0.86602540378443627,
              0.0
            ],
            [
              -1.8587105100755973E-16,
              3.2193810400131951E-16,
              0.99999999999999623
            ]
          ],
          "translation_cm": [
            9.9683235861125183,
            11.945134841745308,
            -1.19999999999999
          ]
        }
      },
      {
        "node_id": "1830062247-M1:15",
        "file_name": "C:\\Users\\hrish\\Downloads\\Assemblies for Training ML model\\Assembly 50\\Workspaces\\1830190514-M1\\1830062247-M1.ipt",
        "component_type": "kPartDocumentObject",
        "grounded": false,
        "suppressed": false,
        "visible": true,
        "adaptive": false,
        "flexible": false,
        "dof_translation": 0,
        "dof_rotation": 1,
        "fully_constrained": false,
        "transform": {
          "rotation_matrix": [
            [
              0.86602540378443726,
              0.49999999999999833,
              1.3684030146183262E-15
            ],
            [
              -0.49999999999999817,
              0.86602540378443627,
              0.0
            ],
            [
              -1.8587105100755973E-16,
              3.2193810400131951E-16,
              0.99999999999999623
            ]
          ],
          "translation_cm": [
            10.068323586112513,
            -0.15486515825468869,
            -1.1999999999999946
          ]
        }
      },
      {
        "node_id": "1830062247-M1:16",
        "file_name": "C:\\Users\\hrish\\Downloads\\Assemblies for Training ML model\\Assembly 50\\Workspaces\\1830190514-M1\\1830062247-M1.ipt",
        "component_type": "kPartDocumentObject",
        "grounded": false,
        "suppressed": false,
        "visible": true,
        "adaptive": false,
        "flexible": false,
        "dof_translation": 0,
        "dof_rotation": 1,
        "fully_constrained": false,
        "transform": {
          "rotation_matrix": [
            [
              0.86602540378443726,
              0.49999999999999833,
              1.3684030146183262E-15
            ],
            [
              -0.49999999999999817,
              0.86602540378443627,
              0.0
            ],
            [
