{
  "assembly_metadata": {
    "assembly_name": "1830149715.iam",
    "full_file_name": "C:\\Users\\hrish\\Downloads\\Assemblies for Training ML model\\Assembly 73\\Workspaces\\1830149715\\1830149715.iam",
    "internal_name": "{AA465DC3-4DCA-BDCC-F88A-2CB4A8C68D77}",
    "total_occurrences": 88,
    "total_constraints": 170
  },
  "physics": {
    "mass_kg": 17.812144163417681,
    "center_of_mass": [
      13.194902598381793,
      -12.972220869797029,
      60.696329637917714
    ],
    "inertia_tensor": [
      39959.230898218855,
      40266.669233377055,
      6813.9929829177017,
      -1122.1769599571599,
      -357.15628328789956,
      295.94493116191029
    ]
  },
  "assembly_graph": {
    "nodes": [
      {
        "node_id": "0298100106-M1.ipt:1",
        "file_name": "C:\\Users\\hrish\\Downloads\\Assemblies for Training ML model\\Assembly 73\\Workspaces\\1830149715\\0298100106-M1.ipt",
        "component_type": "kPartDocumentObject",
        "grounded": false,
        "suppressed": false,
        "visible": true,
        "adaptive": false,
        "flexible": false,
        "dof_translation": 0,
        "dof_rotation": 0,
        "fully_constrained": true,
        "transform": {
          "rotation_matrix": [
            [
              0.99999999999994249,
              3.0468756875052959E-16,
              -1.6143929116510963E-14
            ],
            [
              -2.1340372396977861E-14,
              -6.31088724176728E-30,
              -0.99999999999995814
            ],
            [
              2.9747644985895824E-14,
              0.99999999999986255,
              5.6621374255883488E-15
            ]
          ],
          "translation_cm": [
            0.14999999999877398,
            -16.499999999998217,
            110.50000000000276
          ]
        }
      },
      {
        "node_id": "0298100103-M1.ipt:1",
        "file_name": "C:\\Users\\hrish\\Downloads\\Assemblies for Training ML model\\Assembly 73\\Workspaces\\1830149715\\0298100103-M1.ipt",
        "component_type": "kPartDocumentObject",
        "grounded": false,
        "suppressed": false,
        "visible": true,
        "adaptive": false,
        "flexible": false,
        "dof_translation": 0,
        "dof_rotation": 0,
        "fully_constrained": true,
        "transform": {
          "rotation_matrix": [
            [
              -1.0,
              -2.7942900000000423E-14,
              -6.2945600000000123E-14
            ],
            [
              5.85498E-14,
              1.6359496060086481E-27,
              -1.0
            ],
            [
              4.4079384909285992E-28,
              -1.0,
              -4.5519149999998779E-15
            ]
          ],
          "translation_cm": [
            9.9999999999922551,
            -0.14999999999790473,
            19.699999999999847
          ]
        }
      },
      {
        "node_id": "0129327042-M1.ipt:1",
        "file_name": "C:\\Users\\hrish\\Downloads\\Assemblies for Training ML model\\Assembly 73\\Workspaces\\1830149715\\0129327042-M1.ipt",
        "component_type": "kPartDocumentObject",
        "grounded": false,
        "suppressed": false,
        "visible": true,
        "adaptive": false,
        "flexible": false,
        "dof_translation": 0,
        "dof_rotation": 1,
        "fully_constrained": false,
        "transform": {
          "rotation_matrix": [
            [
              -2.34923255242527E-14,
              -0.115810044265998,
              0.993271379657478
            ],
            [
              1.0,
              -2.7206456258331576E-15,
              2.333424057868005E-14
            ],
            [
              -1.1128496820405588E-20,
              0.993271379657478,
              0.115810044265998
            ]
          ],
          "translation_cm": [
            35.849999999999987,
            2.1316282072803011E-13,
            126.19999999999992
          ]
        }
      },
      {
        "node_id": "0129327042-M1.ipt:2",
        "file_name": "C:\\Users\\hrish\\Downloads\\Assemblies for Training ML model\\Assembly 73\\Workspaces\\1830149715\\0129327042-M1.ipt",
        "component_type": "kPartDocumentObject",
        "grounded": false,
        "suppressed": false,
        "visible": true,
        "adaptive": false,
        "flexible": false,
        "dof_translation": 0,
        "dof_rotation": 1,
        "fully_constrained": false,
        "transform": {
          "rotation_matrix": [
            [
              -1.0,
              1.0595636551004673E-14,
              1.2353936327264615E-15
            ],
            [
              1.06674023828412E-14,
              0.993271379657478,
              0.115810044265998
            ],
            [
              1.4101397182444667E-20,
              0.115810044265998,
              -0.993271379657478
            ]
          ],
          "translation_cm": [
            2.8421709430404045E-14,
            -2.1499999999999542,
            126.19999999999979
          ]
        }
      },
      {
        "node_id": "0129327042-M1.ipt:3",
        "file_name": "C:\\Users\\hrish\\Downloads\\Assemblies for Training ML model\\Assembly 73\\Workspaces\\1830149715\\0129327042-M1.ipt",
        "component_type": "kPartDocumentObject",
        "grounded": false,
        "suppressed": false,
        "visible": true,
        "adaptive": false,
        "flexible": false,
        "dof_translation": 0,
        "dof_rotation": 1,
        "fully_constrained": false,
        "transform": {
          "rotation_matrix": [
            [
              -1.0,
              1.0595636551004671E-14,
              1.2353936327264669E-15
            ],
            [
              1.0667402382841202E-14,
              0.993271379657478,
              0.115810044265998
            ],
            [
              1.4101397176965104E-20,
              0.115810044265998,
              -0.993271379657478
            ]
          ],
          "translation_cm": [
            -2.1316282072803E-14,
            -10.149999999999949,
            126.19999999999982
          ]
        }
      },
      {
        "node_id": "0129327042-M1.ipt:4",
        "file_name": "C:\\Users\\hrish\\Downloads\\Assemblies for Training ML model\\Assembly 73\\Workspaces\\1830149715\\0129327042-M1.ipt",
        "component_type": "kPartDocumentObject",
        "grounded": false,
        "suppressed": false,
        "visible": true,
        "adaptive": false,
        "flexible": false,
        "dof_translation": 0,
        "dof_rotation": 1,
        "fully_constrained": false,
        "transform": {
          "rotation_matrix": [
            [
              -1.0,
              1.0595636551004671E-14,
              1.2353936327264667E-15
            ],
            [
              1.0667402382841202E-14,
              0.993271379657478,
              0.115810044265998
            ],
            [
              1.4101397177159665E-20,
              0.115810044265998,
              -0.993271379657478
            ]
          ],
          "translation_cm": [
            2.1316282072803012E-14,
            -18.149999999999977,
            126.19999999999979
          ]
        }
      },
      {
        "node_id": "0129327042-M1.ipt:5",
        "file_name": "C:\\Users\\hrish\\Downloads\\Assemblies for Training ML model\\Assembly 73\\Workspaces\\1830149715\\0129327042-M1.ipt",
        "component_type": "kPartDocumentObject",
        "grounded": false,
        "suppressed": false,
        "visible": true,
        "adaptive": false,
        "flexible": false,
        "dof_translation": 0,
        "dof_rotation": 1,
        "fully_constrained": false,
        "transform": {
          "rotation_matrix": [
            [
              -2.34923255242527E-14,
              -0.115810044265998,
              0.993271379657478
            ],
            [
              1.0,
              -2.7206456258331576E-15,
              2.333424057868005E-14
            ],
            [
              -1.1128496820405588E-20,
              0.993271379657478,
              0.115810044265998
            ]
          ],
          "translation_cm": [
            5.849999999999973,
            4.9737991503206874E-14,
            126.19999999999989
          ]
        }
      },
      {
        "node_id": "0129327042-M1.ipt:6",
        "file_name": "C:\\Users\\hrish\\Downloads\\Assemblies for Training ML model\\Assembly 73\\Workspaces\\1830149715\\0129327042-M1.ipt",
        "component_type": "kPartDocumentObject",
        "grounded": false,
        "suppressed": false,
        "visible": true,
        "adaptive": false,
        "flexible": false,
        "dof_translation": 0,
        "dof_rotation": 1,
        "fully_constrained": false,
        "transform": {
          "rotation_matrix": [
            [
              -2.34923255242527E-14,
              -0.115810044265998,
              0.993271379657478
            ],
            [
              1.0,
              -2.7206456258331576E-15,
              2.333424057868005E-14
            ],
            [
              -1.1128496820405588E-20,
              0.993271379657478,
              0.115810044265998
            ]
          ],
          "translation_cm": [
            15.849999999999973,
            1.1368683772161594E-13,
            126.1999999999999
          ]
        }
      },
      {
        "node_id": "0129327042-M1.ipt:7",
        "file_name": "C:\\Users\\hrish\\Downloads\\Assemblies for Training ML model\\Assembly 73\\Workspaces\\1830149715\\0129327042-M1.ipt",
        "component_type": "kPartDocumentObject",
        "grounded": false,
        "suppressed": false,
        "visible": true,
        "adaptive": false,
        "flexible": false,
        "dof_translation": 0,
        "dof_rotation": 1,
        "fully_constrained": false,
        "transform": {
          "rotation_matrix": [
            [
              -2.34923255242527E-14,
              -0.115810044265998,
              0.993271379657478
            ],
            [
              1.0,
              -2.7206456258331576E-15,
              2.333424057868005E-14
            ],
            [
              -1.1128496820405588E-20,
              0.993271379657478,
              0.115810044265998
            ]
          ],
          "translation_cm": [
            25.849999999999973,
            1.918465386552269E-13,
            126.19999999999987
          ]
        }
      },
      {
        "node_id": "0129327042-M1.ipt:8",
        "file_name": "C:\\Users\\hrish\\Downloads\\Assemblies for Training ML model\\Assembly 73\\Workspaces\\1830149715\\0129327042-M1.ipt",
        "component_type": "kPartDocumentObject",
        "grounded": false,
        "suppressed": false,
        "visible": true,
        "adaptive": false,
        "flexible": false,
        "dof_translation": 0,
        "dof_rotation": 0,
        "fully_constrained": true,
        "transform": {
          "rotation_matrix": [
            [
              -0.999999999999976,
              -8.2799431197419148E-29,
              -5.383055122931249E-15
            ],
            [
              -3.2063536458538413E-14,
              -2.7369110631605314E-47,
              1.0000000000000284
            ],
            [
              -1.6457410185169815E-14,
              0.99999999999999867,
              -1.4321877017664494E-14
            ]
          ],
          "translation_cm": [
            4.9737991503206634E-14,
            -26.149999999999949,
            126.19999999999976
          ]
        }
      },
      {
        "node_id": "0298100114-M1.ipt:1",
        "file_name": "C:\\Users\\hrish\\Downloads\\Assemblies for Training ML model\\Assembly 73\\Workspaces\\1830149715\\0298100114-M1.ipt",
        "component_type": "kPartDocumentObject",
        "grounded": false,
        "suppressed": false,
        "visible": true,
        "adaptive": false,
        "flexible": false,
        "dof_translation": 0,
        "dof_rotation": 0,
        "fully_constrained": true,
        "transform": {
          "rotation_matrix": [
            [
              -0.49999999999990563,
              -0.86602540378428128,
              5.383983594437874E-15
            ],
            [
              -2.6924558752429691E-15,
              -4.6623984486390363E-15,
              -1.0
            ],
            [
              0.86602540378428128,
              -0.49999999999990563,
              -5.4027214926983351E-19
            ]
          ],
          "translation_cm": [
            13.89999999999967,
            -0.052999999999929638,
            84.4249999999998
          ]
        }
      },
      {
        "node_id": "0298100114-M1.ipt:2",
        "file_name": "C:\\Users\\hrish\\Downloads\\Assemblies for Training ML model\\Assembly 73\\Workspaces\\1830149715\\0298100114-M1.ipt",
        "component_type": "kPartDocumentObject",
        "grounded": false,
        "suppressed": false,
        "visible": true,
        "adaptive": false,
        "flexible": false,
        "dof_translation": 0,
        "dof_rotation": 0,
        "fully_constrained": true,
        "transform": {
          "rotation_matrix": [
            [
              -0.49999999999992278,
              -0.86602540378427184,
              5.3839877271406914E-15
            ],
            [
              -2.6915275614651417E-15,
              -4.662939146656339E-15,
              -1.0000000000000002
            ],
            [
              0.86602540378427173,
              -0.49999999999992278,
              5.331178927961907E-19
            ]
          ],
          "translation_cm": [
            32.099999999999746,
            -0.052999999999831522,
            84.424999999999855
          ]
        }
      },
      {
        "node_id": "0298100114-M1.ipt:3",
        "file_name": "C:\\Users\\hrish\\Downloads\\Assemblies for Training ML model\\Assembly 73\\Workspaces\\1830149715\\0298100114-M1.ipt",
        "component_type": "kPartDocumentObject",
        "grounded": false,
        "suppressed": false,
        "visible": true,
        "adaptive": false,
        "flexible": false,
        "dof_translation": 0,
        "dof_rotation": 0,
        "fully_constrained": true,
        "transform": {
          "rotation_matrix": [
            [
              0.49999999999990574,
              0.86602540378428139,
              5.3359136405420095E-15
            ],
            [
              2.6915275614650494E-15,
              4.6074283543447519E-15,
              -1.0000000000000002
            ],
            [
              -0.86602540378428139,
              0.49999999999990574,
              -2.7222425848859431E-17
            ]
          ],
          "translation_cm": [
            13.49999999999981,
            -0.052999999999931692,
            32.825000000000031
          ]
        }
      },
      {
        "node_id": "0298100114-M1.ipt:4",
        "file_name": "C:\\Users\\hrish\\Downloads\\Assemblies for Training ML model\\Assembly 73\\Workspaces\\1830149715\\0298100114-M1.ipt",
        "component_type": "kPartDocumentObject",
        "grounded": false,
        "suppressed": false,
        "visible": true,
        "adaptive": false,
        "flexible": false,
        "dof_translation": 0,
        "dof_rotation": 0,
        "fully_constrained": true,
        "transform": {
          "rotation_matrix": [
            [
              0.49999999999989447,
              0.86602540378428794,
              5.4320623794444137E-15
            ],
            [
              2.6915275614649875E-15,
              4.71845138479163E-15,
              -1.0000000000000002
            ],
            [
              -0.86602540378428772,
              0.49999999999989453,
              2.8287677264484238E-17
            ]
          ],
          "translation_cm": [
            32.499999999999829,
            -0.052999999999829427,
            32.82500000000006
          ]
        }
      },
      {
        "node_id": "0298100114-M1.ipt:5",
        "file_name": "C:\\Users\\hrish\\Downloads\\Assemblies for Training ML model\\Assembly 73\\Workspaces\\1830149715\\0298100114-M1.ipt",
        "component_type": "kPartDocumentObject",
        "grounded": false,
        "suppressed": false,
        "visible": true,
        "adaptive": false,
        "flexible": false,
        "dof_translation": 0,
        "dof_rotation": 0,
        "fully_constrained": true,
        "transform": {
          "rotation_matrix": [
            [
              -3.2088258537227784E-17,
              5.3174378821295508E-16,
              -0.99999999999999578
            ],
            [
              7.5155972007202235E-15,
              0.99999999999999367,
              5.3813434173644194E-16
            ],
            [
              1.0,
              -3.7408389169948727E-15,
              -4.2066631715582394E-16
            ]
          ],
          "translation_cm": [
            0.097000000000009259,
            -3.7499999999997167,
            86.252499999999927
          ]
        }
      },
      {
        "node_id": "0298100114-M1.ipt:6",
        "file_name": "C:\\Users\\hrish\\Downloads\\Assemblies for Training ML model\\Assembly 73\\Workspaces\\1830149715\\0298100114-M1.ipt",
        "component_type": "kPartDocumentObject",
        "grounded": false,
        "suppressed": false,
        "visible": true,
        "adaptive": false,
        "flexible": false,
        "dof_translation": 0,
        "dof_rotation": 0,
        "fully_constrained": true,
        "transform": {
          "rotation_matrix": [
            [
              2.7546853835888881E-17,
              1.6874504228739426E-16,
              -0.99999999999999956
            ],
            [
              4.97441182631265E-15,
              -0.99999999999999922,
              -1.6874504228800604E-16
            ],
            [
              -0.99999999999999889,
              -4.9744118263124862E-15,
              -2.7546853835841673E-17
            ]
          ],
          "translation_cm": [
            0.09700000000001581,
            -3.7499999999992579,
            58.252499999999593
          ]
        }
      },
      {
        "node_id": "0298100074-M1.ipt:1",
        "file_name": "C:\\Users\\hrish\\Downloads\\Assemblies for Training ML model\\Assembly 73\\Workspaces\\1830149715\\0298100074-M1.ipt",
        "component_type": "kPartDocumentObject",
        "grounded": false,
        "suppressed": false,
        "visible": true,
        "adaptive": false,
        "flexible": false,
        "dof_translation": 0,
        "dof_rotation": 0,
        "fully_constrained": true,
        "transform": {
          "rotation_matrix": [
            [
              0.86602540378427517,
              -0.49999999999991568,
              4.6526047867483135E-14
            ],
            [
              0.49999999999991568,
              0.86602540378427517,
              -6.8489889988821146E-16
            ],
            [
              -3.9950291095367787E-14,
              2.3856169343152134E-14,
              1.0
            ]
          ],
          "translation_cm": [
            6.1500000000002819,
            -31.650000000000382,
            124.70000000000148
          ]
        }
      },
      {
        "node_id": "0298100074-M1.ipt:2",
        "file_name": "C:\\Users\\hrish\\Downloads\\Assemblies for Training ML model\\Assembly 73\\Workspaces\\1830149715\\0298100074-M1.ipt",
        "component_type": "kPartDocumentObject",
        "grounded": false,
        "suppressed": false,
        "visible": true,
        "adaptive": false,
        "flexible": false,
        "dof_translation": 0,
        "dof_rotation": 0,
        "fully_constrained": true,
        "transform": {
          "rotation_matrix": [
            [
              -0.86602540378427051,
              0.49999999999992251,
              4.4939605098925566E-14
            ],
            [
              -0.4999999999999224,
              -0.86602540378427051,
              1.7188047766443762E-15
            ],
            [
              3.9778242695878176E-14,
              -2.098127297277643E-14,
              0.99999999999999956
            ]
          ],
          "translation_cm": [
            38.499999999999808,
            -5.1499999999996815,
            124.69999999999999
          ]
        }
      },
      {
        "node_id": "0298100073-M1.ipt:1",
        "file_name": "C:\\Users\\hrish\\Downloads\\Assemblies for Training ML model\\Assembly 73\\Workspaces\\1830149715\\0298100073-M1.ipt",
        "component_type": "kPartDocumentObject",
        "grounded": false,
        "suppressed": false,
        "visible": true,
        "adaptive": false,
        "flexible": false,
        "dof_translation": 0,
        "dof_rotation": 0,
        "fully_constrained": true,
        "transform": {
          "rotation_matrix": [
            [
              1.0,
              3.1631516430632326E-14,
              -4.8115000000000191E-15
            ],
            [
              1.8709999999999997E-14,
              5.9117191723919254E-28,
              -1.0
            ],
            [
              -2.7952136430632315E-14,
              1.0,
              -6.1062299999924615E-16
            ]
          ],
          "translation_cm": [
            30.399999999996325,
            2.0500000000000043,
            82.4249999999998
          ]
        }
      },
      {
        "node_id": "0298100073-M1.ipt:2",
        "file_name": "C:\\Users\\hrish\\Downloads\\Assemblies for Training ML model\\Assembly 73\\Workspaces\\1830149715\\0298100073-M1.ipt",
        "component_type": "kPartDocumentObject",
        "grounded": false,
        "suppressed": false,
        "visible": true,
        "adaptive": false,
        "flexible": false,
        "dof_translation": 0,
        "dof_rotation": 0,
        "fully_constrained": true,
        "transform": {
          "rotation_matrix": [
            [
              1.0,
              2.1231031129053541E-14,
              6.6707E-14
            ],
            [
              6.65829E-14,
              1.4108698226988262E-27,
              -1.0
            ],
            [
              2.6745468870946459E-14,
              1.0,
              -7.0499199999999976E-15
            ]
          ],
          "translation_cm": [
            13.900000000001752,
            2.0499999999983505,
            82.424999999999457
          ]
        }
      },
      {
        "node_id": "0298100073-M1.ipt:3",
        "file_name": "C:\\Users\\hrish\\Downloads\\Assemblies for Training ML model\\Assembly 73\\Workspaces\\1830149715\\0298100073-M1.ipt",
        "component_type": "kPartDocumentObject",
        "grounded": false,
        "suppressed": false,
        "visible": true,
        "adaptive": false,
        "flexible": false,
        "dof_translation": 0,
        "dof_rotation": 0,
        "fully_constrained": true,
        "transform": {
          "rotation_matrix": [
            [
              1.0000000000000062,
              -2.5123370576248512E-14,
              -2.2338989892643476E-14
            ],
            [
              -2.001086078429739E-14,
              5.0254927473323709E-28,
              -1.0000000000000004
            ],
            [
              1.3071067545551194E-14,
              1.0000000000000022,
              -1.7208456881689705E-15
            ]
          ],
          "translation_cm": [
            30.650000000000496,
            2.0500000000004421,
            40.024999999999757
          ]
        }
      },
      {
        "node_id": "0298100073-M1.ipt:4",
        "file_name": "C:\\Users\\hrish\\Downloads\\Assemblies for Training ML model\\Assembly 73\\Workspaces\\1830149715\\0298100073-M1.ipt",
        "component_type": "kPartDocumentObject",
        "grounded": false,
        "suppressed": false,
        "visible": true,
        "adaptive": false,
        "flexible": false,
        "dof_translation": 0,
        "dof_rotation": 0,
        "fully_constrained": true,
        "transform": {
          "rotation_matrix": [
            [
              1.0000000000000007,
              1.3345977308559409E-14,
              5.3157397021568245E-15
            ],
            [
              5.6488066095449332E-15,
              7.4798626006520373E-29,
              -1.0000000000000002
            ],
            [
              -1.3769547139178362E-14,
              1.0000000000000007,
              7.2709020703791816E-28
            ]
          ],
          "translation_cm": [
            13.649999999999737,
            2.0500000000000616,
            40.02500000000024
          ]
        }
      },
      {
        "node_id": "0298100073-M1.ipt:5",
        "file_name": "C:\\Users\\hrish\\Downloads\\Assemblies for Training ML model\\Assembly 73\\Workspaces\\1830149715\\0298100073-M1.ipt",
        "component_type": "kPartDocumentObject",
        "grounded": false,
        "suppressed": false,
        "visible": true,
        "adaptive": false,
        "flexible": false,
        "dof_translation": 0,
        "dof_rotation": 0,
        "fully_constrained": true,
        "transform": {
          "rotation_matrix": [
            [
              1.000000000000014,
              1.2074569286435053E-14,
              5.1234434335189149E-15
            ],
            [
              5.4565103409072689E-15,
              6.4808829614034909E-29,
              -1.0000000000000002
            ],
            [
              -1.3917422470363475E-14,
              1.0000000000000142,
              -4.0147232919616382E-28
            ]
          ],
          "translation_cm": [
            32.949999999999861,
            2.0500000000001726,
            44.925000000000068
          ]
        }
      },
      {
        "node_id": "0298100073-M1.ipt:6",
        "file_name": "C:\\Users\\hrish\\Downloads\\Assemblies for Training ML model\\Assembly 73\\Workspaces\\1830149715\\0298100073-M1.ipt",
        "component_type": "kPartDocumentObject",
        "grounded": false,
        "suppressed": false,
        "visible": true,
        "adaptive": false,
        "flexible": false,
        "dof_translation": 0,
        "dof_rotation": 0,
        "fully_constrained": true,
        "transform": {
          "rotation_matrix": [
            [
              1.0000000000000264,
              4.1328281939712037E-14,
              1.6596580154023064E-13
            ],
            [
              1.5996917777417407E-13,
              6.6104957233041657E-27,
              -0.99999999999998412
            ],
            [
              -2.795213643063199E-14,
              1.0000000000000007,
              2.7755575615647673E-15
            ]
          ],
          "translation_cm": [
            32.500000000008505,
            2.0499999999986671,
            82.424999999999514
          ]
        }
      },
      {
        "node_id": "0298100073-M1.ipt:7",
        "file_name": "C:\\Users\\hrish\\Downloads\\Assemblies for Training ML model\\Assembly 73\\Workspaces\\1830149715\\0298100073-M1.ipt",
        "component_type": "kPartDocumentObject",
        "grounded": false,
        "suppressed": false,
        "visible": true,
        "adaptive": false,
        "flexible": false,
        "dof_translation": 0,
        "dof_rotation": 0,
        "fully_constrained": true,
        "transform": {
          "rotation_matrix": [
            [
              1.0000000000000013,
              -1.9567806612986957E-14,
              5.2516409459432419E-15
            ],
            [
              5.584707853330422E-15,
              -1.098707020889056E-28,
              -1.0000000000000002
            ],
            [
              -3.749274493807342E-15,
              1.0000000000000016,
              8.2976554184715183E-28
            ]
          ],
          "translation_cm": [
            13.449999999999967,
            2.0500000000000624,
            44.924999999999919
          ]
        }
      },
      {
        "node_id": "0298100114-M1.ipt:7",
        "file_name": "C:\\Users\\hrish\\Downloads\\Assemblies for Training ML model\\Assembly 73\\Workspaces\\1830149715\\0298100114-M1.ipt",
        "component_type": "kPartDocumentObject",
        "grounded": false,
        "suppressed": false,
        "visible": true,
        "adaptive": false,
        "flexible": false,
        "dof_translation": 0,
        "dof_rotation": 0,
        "fully_constrained": true,
        "transform": {
          "rotation_matrix": [
            [
              0.49999999999979616,
              0.86602540378434412,
              5.5124930826267838E-15
            ],
            [
              2.7562515606516065E-15,
              4.7739523288104835E-15,
              -1.0
            ],
            [
              -0.86602540378434423,
              0.49999999999979627,
              -7.4608556509478692E-28
            ]
          ],
          "translation_cm": [
            22.774999999999672,
            -0.052999999999884286,
            104.12499999999979
          ]
        }
      },
      {
        "node_id": "0298100114-M1.ipt:8",
        "file_name": "C:\\Users\\hrish\\Downloads\\Assemblies for Training ML model\\Assembly 73\\Workspaces\\1830149715\\0298100114-M1.ipt",
        "component_type": "kPartDocumentObject",
        "grounded": false,
        "suppressed": false,
        "visible": true,
        "adaptive": false,
        "flexible": false,
        "dof_translation": 0,
        "dof_rotation": 0,
        "fully_constrained": true,
        "transform": {
          "rotation_matrix": [
            [
              0.49999999999987171,
              0.86602540378430093,
              1.9569167127235589E-15
            ],
            [
              9.7845659455239436E-16,
              1.694736534765734E-15,
              -1.0
            ],
            [
              -0.86602540378430093,
              0.49999999999987171,
              3.2580196447088629E-21
            ]
          ],
          "translation_cm": [
            35.349999999999589,
            -0.052999999999791325,
            94.175000000000182
          ]
        }
      },
      {
        "node_id": "0298100114-M1.ipt:9",
        "file_name": "C:\\Users\\hrish\\Downloads\\Assemblies for Training ML model\\Assembly 73\\Workspaces\\1830149715\\0298100114-M1.ipt",
        "component_type": "kPartDocumentObject",
        "grounded": false,
        "suppressed": false,
        "visible": true,
        "adaptive": false,
        "flexible": false,
        "dof_translation": 0,
        "dof_rotation": 0,
        "fully_constrained": true,
        "transform": {
          "rotation_matrix": [
            [
              0.49999999999987005,
              0.86602540378430215,
              -5.4320541479546616E-15
            ],
            [
              2.6915275614648573E-15,
              4.7184418134462926E-15,
              1.0000000000000002
            ],
            [
              0.86602540378430215,
              -0.49999999999986994,
              2.8301934240782351E-17
            ]
          ],
          "translation_cm": [
            2.994226497308075,
            -0.096999999999961048,
            86.259999999999948
          ]
        }
      },
      {
        "node_id": "0298100114-M1.ipt:10",
        "file_name": "C:\\Users\\hrish\\Downloads\\Assemblies for Training ML model\\Assembly 73\\Workspaces\\1830149715\\0298100114-M1.ipt",
        "component_type": "kPartDocumentObject",
        "grounded": false,
        "suppressed": false,
        "visible": true,
        "adaptive": false,
        "flexible": false,
        "dof_translation": 0,
        "dof_rotation": 0,
        "fully_constrained": true,
        "transform": {
          "rotation_matrix": [
            [
              0.49999999999991418,
              0.86602540378427728,
              -5.4801291960499434E-15
            ],
            [
              2.6915275614650928E-15,
              4.7739540666674077E-15,
              1.0000000000000002
            ],
            [
              0.86602540378427728,
              -0.49999999999991418,
              5.6055815722793774E-17
            ]
          ],
          "translation_cm": [
            2.9942264973082175,
            -0.096999999999973441,
            58.260000000000218
          ]
        }
      },
      {
        "node_id": "0298100114-M1.ipt:11",
        "file_name": "C:\\Users\\hrish\\Downloads\\Assemblies for Training ML model\\Assembly 73\\Workspaces\\1830149715\\0298100114-M1.ipt",
        "component_type": "kPartDocumentObject",
        "grounded": false,
        "suppressed": false,
        "visible": true,
        "adaptive": false,
        "flexible": false,
        "dof_translation": 0,
        "dof_rotation": 0,
        "fully_constrained": true,
        "transform": {
          "rotation_matrix": [
            [
              0.49999999999988831,
              0.86602540378429116,
              5.4163448999802334E-15
            ],
            [
              2.7081759077445734E-15,
              4.6906874390929774E-15,
              -0.99999999999999989
            ],
            [
              -0.86602540378429116,
              0.49999999999988842,
              -1.217828602554694E-28
            ]
          ],
          "translation_cm": [
            10.199999999995731,
            -0.052999999999950649,
            94.174999999999685
          ]
        }
      },
      {
        "node_id": "0298100031-M1-00.ipt:1",
        "file_name": "C:\\Users\\hrish\\Downloads\\Assemblies for Training ML model\\Assembly 73\\Workspaces\\1830149715\\0298100031-M1-00.ipt",
        "component_type": "kPartDocumentObject",
        "grounded": false,
        "suppressed": false,
        "visible": true,
        "adaptive": false,
        "flexible": false,
        "dof_translation": 0,
        "dof_rotation": 0,
        "fully_constrained": true,
        "transform": {
          "rotation_matrix": [
            [
              -6.5812982030513334E-14,
              -1.0,
              5.2869079379139655E-15
            ],
            [
              1.6653180945405876E-16,
              -5.2869079379139726E-15,
              -1.0
            ],
            [
              1.0,
              -7.3716382030513325E-14,
              7.4939980945409055E-16
            ]
          ],
          "translation_cm": [
            17.614433756729778,
            -0.089999999999912234,
            114.89999999999984
          ]
        }
      },
      {
        "node_id": "0298100031-M1-00.ipt:2",
        "file_name": "C:\\Users\\hrish\\Downloads\\Assemblies for Training ML model\\Assembly 73\\Workspaces\\1830149715\\0298100031-M1-00.ipt",
        "component_type": "kPartDocumentObject",
        "grounded": false,
        "suppressed": false,
        "visible": true,
        "adaptive": false,
        "flexible": false,
        "dof_translation": 0,
        "dof_rotation": 0,
        "fully_constrained": true,
        "transform": {
          "rotation_matrix": [
            [
              -5.93399566465082E-14,
              -0.99999999999998412,
              5.3906646936238241E-15
            ],
            [
              9.26360986650295E-17,
              -5.3906646936229879E-15,
              -0.99999999999998912
            ],
            [
              0.9999999999999698,
              -6.8631135583840169E-14,
              6.7550318659323363E-16
            ]
          ],
          "translation_cm": [
            40.900000000000013,
            -0.089999999999738248,
            115.34999999999987
          ]
        }
      },
      {
        "node_id": "0298100031-M1-00.ipt:3",
        "file_name": "C:\\Users\\hrish\\Downloads\\Assemblies for Training ML model\\Assembly 73\\Workspaces\\1830149715\\0298100031-M1-00.ipt",
        "component_type": "kPartDocumentObject",
        "grounded": false,
        "suppressed": false,
        "visible": true,
        "adaptive": false,
        "flexible": false,
        "dof_translation": 0,
        "dof_rotation": 0,
        "fully_constrained": true,
        "transform": {
          "rotation_matrix": [
            [
              5.9499097709882452E-14,
              0.99999999999999434,
              5.2302142641210751E-15
            ],
            [
              3.1045906253950435E-28,
              5.23021426412117E-15,
              -0.99999999999998646
            ],
            [
              -0.99999999999998035,
              6.8013120529976887E-14,
              -5.8286708792842846E-16
            ]
          ],
          "translation_cm": [
            20.907216878364832,
            -0.0899999999998895,
            115.3124999999999
          ]
        }
      },
      {
        "node_id": "0298100031-M1-00.ipt:4",
        "file_name": "C:\\Users\\hrish\\Downloads\\Assemblies for Training ML model\\Assembly 73\\Workspaces\\1830149715\\0298100031-M1-00.ipt",
        "component_type": "kPartDocumentObject",
        "grounded": false,
        "suppressed": false,
        "visible": true,
        "adaptive": false,
        "flexible": false,
        "dof_translation": 0,
        "dof_rotation": 0,
        "fully_constrained": true,
        "transform": {
          "rotation_matrix": [
            [
              -1.9405663200169344E-14,
              -1.0000000000000049,
              8.487114019125984E-15
            ],
            [
              -1.6472401777146253E-28,
              -8.4871140191255343E-15,
              -0.99999999999994693
            ],
            [
              1.0000000000000073,
              -2.225754859467667E-14,
              5.8286708792844552E-16
            ]
          ],
          "translation_cm": [
            13.11443375672979,
            -0.090000000000030542,
            114.89999999999982
          ]
        }
      },
      {
        "node_id": "0298100031-M1-00.ipt:5",
        "file_name": "C:\\Users\\hrish\\Downloads\\Assemblies for Training ML model\\Assembly 73\\Workspaces\\1830149715\\0298100031-M1-00.ipt",
        "component_type": "kPartDocumentObject",
        "grounded": false,
        "suppressed": false,
        "visible": true,
        "adaptive": false,
        "flexible": false,
        "dof_translation": 0,
        "dof_rotation": 0,
        "fully_constrained": true,
        "transform": {
          "rotation_matrix": [
            [
              -6.56141377866696E-14,
              -0.99999999999999978,
              5.2302099999999987E-15
            ],
            [
              -3.4248868950090874E-28,
