{
  "assembly_metadata": {
    "assembly_name": "1830099838-M1.iam",
    "full_file_name": "C:\\Users\\hrish\\Downloads\\Assemblies for Training ML model\\Assembly 70\\Workspaces\\1830099838-M1\\1830099838-M1.iam",
    "internal_name": "{45DE778F-4243-ADCD-B957-1D8F51DEDE0A}",
    "total_occurrences": 235,
    "total_constraints": 416
  },
  "physics": {
    "mass_kg": 1335.1742602318382,
    "center_of_mass": [
      -156.50194813898688,
      -208.72405924479463,
      77.035008235581785
    ],
    "inertia_tensor": [
      11799677.465080665,
      7730870.9773948668,
      18795932.248223815,
      -417556.4689292679,
      31698.356256874085,
      -41209.222811834334
    ]
  },
  "assembly_graph": {
    "nodes": [
      {
        "node_id": "1830099838-M2.ipt:1",
        "file_name": "C:\\Users\\hrish\\Downloads\\Assemblies for Training ML model\\Assembly 70\\Workspaces\\1830099838-M1\\1830099838-M2.ipt",
        "component_type": "kPartDocumentObject",
        "grounded": true,
        "suppressed": false,
        "visible": true,
        "adaptive": false,
        "flexible": false,
        "dof_translation": 0,
        "dof_rotation": 0,
        "fully_constrained": false,
        "transform": {
          "rotation_matrix": [
            [
              1.0,
              8.85359017395528E-15,
              -1.6251945942407496E-15
            ],
            [
              1.6251945942411914E-15,
              -4.5454390034879721E-14,
              1.0
            ],
            [
              8.8535901739551943E-15,
              -1.0,
              -4.5454444244988346E-14
            ]
          ],
          "translation_cm": [
            -39.988176095789925,
            -320.03627992028788,
            69.279774233546192
          ]
        }
      },
      {
        "node_id": "1830099838-M3.ipt:2",
        "file_name": "C:\\Users\\hrish\\Downloads\\Assemblies for Training ML model\\Assembly 70\\Workspaces\\1830099838-M1\\1830099838-M3.ipt",
        "component_type": "kPartDocumentObject",
        "grounded": false,
        "suppressed": false,
        "visible": true,
        "adaptive": false,
        "flexible": false,
        "dof_translation": 0,
        "dof_rotation": 0,
        "fully_constrained": true,
        "transform": {
          "rotation_matrix": [
            [
              -0.999999999999992,
              4.4452618511088161E-14,
              -4.5519144009692807E-15
            ],
            [
              5.8286708792854119E-15,
              -4.5898479244730567E-14,
              -0.99999999999999245
            ],
            [
              -4.5354674718596485E-14,
              -0.99999999999999,
              4.5454390034880643E-14
            ]
          ],
          "translation_cm": [
            -264.98817609578816,
            -95.036279920287157,
            69.279774233525316
          ]
        }
      },
      {
        "node_id": "1830099838-M77.iam:3",
        "file_name": "C:\\Users\\hrish\\Downloads\\Assemblies for Training ML model\\Assembly 70\\Workspaces\\1830099838-M1\\1830099838-M77.iam",
        "component_type": "kAssemblyDocumentObject",
        "grounded": false,
        "suppressed": false,
        "visible": true,
        "adaptive": false,
        "flexible": false,
        "dof_translation": 0,
        "dof_rotation": 0,
        "fully_constrained": true,
        "transform": {
          "rotation_matrix": [
            [
              1.0204865475336948E-14,
              -3.8529796632518209E-15,
              0.99999999999999112
            ],
            [
              -4.8956286311969137E-14,
              0.99999999999999933,
              3.96340624751942E-15
            ],
            [
              -0.99999999999999556,
              -4.9538949247228209E-14,
              1.01675209598242E-14
            ]
          ],
          "translation_cm": [
            -117.4881760957897,
            -188.03627992028586,
            111.29497423353972
          ]
        }
      },
      {
        "node_id": "1830099838-M77.iam:3/1830099838-M77.iam:1",
        "file_name": "",
        "component_type": "kAssemblyDocumentObject",
        "grounded": true,
        "suppressed": false,
        "visible": true,
        "adaptive": false,
        "flexible": false,
        "dof_translation": 0,
        "dof_rotation": 0,
        "fully_constrained": false,
        "transform": {
          "rotation_matrix": [
            [
              1.0204865475336948E-14,
              -3.8529796632518209E-15,
              0.99999999999999112
            ],
            [
              -4.8956286311969137E-14,
              0.99999999999999933,
              3.96340624751942E-15
            ],
            [
              -0.99999999999999556,
              -4.9538949247228209E-14,
              1.01675209598242E-14
            ]
          ],
          "translation_cm": [
            -117.4881760957897,
            -188.03627992028586,
            111.29497423353972
          ]
        }
      },
      {
        "node_id": "1830099838-M77.iam:3/1830099838-M78.ipt:2",
        "file_name": "C:\\Users\\hrish\\Downloads\\Assemblies for Training ML model\\Assembly 70\\Workspaces\\1830099838-M1\\1830099838-M78.ipt",
        "component_type": "kPartDocumentObject",
        "grounded": true,
        "suppressed": false,
        "visible": true,
        "adaptive": false,
        "flexible": false,
        "dof_translation": 0,
        "dof_rotation": 0,
        "fully_constrained": false,
        "transform": {
          "rotation_matrix": [
            [
              1.0204865475336948E-14,
              -3.8529796632518209E-15,
              0.99999999999999112
            ],
            [
              -4.8956286311969137E-14,
              0.99999999999999933,
              3.96340624751942E-15
            ],
            [
              -0.99999999999999556,
              -4.9538949247228209E-14,
              1.01675209598242E-14
            ]
          ],
          "translation_cm": [
            -117.4881760957897,
            -188.03627992028586,
            111.29497423353972
          ]
        }
      },
      {
        "node_id": "1830099838-M77.iam:3/1830099838-M79.ipt:3",
        "file_name": "C:\\Users\\hrish\\Downloads\\Assemblies for Training ML model\\Assembly 70\\Workspaces\\1830099838-M1\\1830099838-M79.ipt",
        "component_type": "kPartDocumentObject",
        "grounded": false,
        "suppressed": false,
        "visible": true,
        "adaptive": false,
        "flexible": false,
        "dof_translation": 0,
        "dof_rotation": 0,
        "fully_constrained": true,
        "transform": {
          "rotation_matrix": [
            [
              -1.0204865475336947E-14,
              0.99999999999999112,
              -3.85297966325182E-15
            ],
            [
              4.8956286311969125E-14,
              3.96340624751942E-15,
              0.99999999999999911
            ],
            [
              0.99999999999999534,
              1.01675209598242E-14,
              -4.9538949247228196E-14
            ]
          ],
          "translation_cm": [
            -121.48817609578971,
            -194.03627992028549,
            118.69497423353994
          ]
        }
      },
      {
        "node_id": "1830099838-M77.iam:3/1830099838-M79.ipt:4",
        "file_name": "C:\\Users\\hrish\\Downloads\\Assemblies for Training ML model\\Assembly 70\\Workspaces\\1830099838-M1\\1830099838-M79.ipt",
        "component_type": "kPartDocumentObject",
        "grounded": false,
        "suppressed": false,
        "visible": true,
        "adaptive": false,
        "flexible": false,
        "dof_translation": 0,
        "dof_rotation": 0,
        "fully_constrained": true,
        "transform": {
          "rotation_matrix": [
            [
              1.02031307518609E-14,
              0.9999999999999889,
              3.85297966325182E-15
            ],
            [
              -4.8741180600947679E-14,
              4.1849708797223419E-15,
              -0.99999999999999911
            ],
            [
              -0.99999999999998879,
              1.0144113265576698E-14,
              4.9538949247228196E-14
            ]
          ],
          "translation_cm": [
            -121.4881760957896,
            -182.03627992028623,
            103.8949742335394
          ]
        }
      },
      {
        "node_id": "1830099838-M4.ipt:4",
        "file_name": "C:\\Users\\hrish\\Downloads\\Assemblies for Training ML model\\Assembly 70\\Workspaces\\1830099838-M1\\1830099838-M4.ipt",
        "component_type": "kPartDocumentObject",
        "grounded": false,
        "suppressed": false,
        "visible": true,
        "adaptive": false,
        "flexible": false,
        "dof_translation": 0,
        "dof_rotation": 0,
        "fully_constrained": true,
        "transform": {
          "rotation_matrix": [
            [
              1.6251945942407589E-15,
              -4.4263696414475632E-14,
              -0.99999999999999023
            ],
            [
              -0.99999999999999312,
              4.6507251536566809E-14,
              -7.370161745434993E-16
            ],
            [
              4.4980694877707528E-14,
              0.99999999999998868,
              -4.6650675917415717E-14
            ]
          ],
          "translation_cm": [
            -39.988176095789854,
            -362.53627992028623,
            69.279774233548025
          ]
        }
      },
      {
        "node_id": "1830099838-M99.iam:5",
        "file_name": "C:\\Users\\hrish\\Downloads\\Assemblies for Training ML model\\Assembly 70\\Workspaces\\1830099838-M1\\1830099838-M99.iam",
        "component_type": "kAssemblyDocumentObject",
        "grounded": false,
        "suppressed": false,
        "visible": true,
        "adaptive": false,
        "flexible": false,
        "dof_translation": 0,
        "dof_rotation": 0,
        "fully_constrained": true,
        "transform": {
          "rotation_matrix": [
            [
              -4.6150307714939147E-14,
              -1.8016209327993279E-15,
              0.99999999999999856
            ],
            [
              4.4403385219474863E-14,
              -1.0,
              -1.5240651766409626E-15
            ],
            [
              1.0000000000000009,
              4.4988597992287388E-14,
              4.6209865159560704E-14
            ]
          ],
          "translation_cm": [
            -162.98817609578904,
            -60.036279920287271,
            79.879774233528536
          ]
        }
      },
      {
        "node_id": "1830099838-M99.iam:5/1830099838-M98.ipt:1",
        "file_name": "C:\\Users\\hrish\\Downloads\\Assemblies for Training ML model\\Assembly 70\\Workspaces\\1830099838-M1\\1830099838-M98.ipt",
        "component_type": "kPartDocumentObject",
        "grounded": true,
        "suppressed": false,
        "visible": true,
        "adaptive": false,
        "flexible": false,
        "dof_translation": 0,
        "dof_rotation": 0,
        "fully_constrained": false,
        "transform": {
          "rotation_matrix": [
            [
              -4.6150307714939147E-14,
              -1.8016209327993279E-15,
              0.99999999999999856
            ],
            [
              4.4403385219474863E-14,
              -1.0,
              -1.5240651766409626E-15
            ],
            [
              1.0000000000000009,
              4.4988597992287388E-14,
              4.6209865159560704E-14
            ]
          ],
          "translation_cm": [
            -162.98817609578904,
            -60.036279920287271,
            79.879774233528536
          ]
        }
      },
      {
        "node_id": "1830099838-M99.iam:5/1830099838-M101.ipt:2",
        "file_name": "C:\\Users\\hrish\\Downloads\\Assemblies for Training ML model\\Assembly 70\\Workspaces\\1830099838-M1\\1830099838-M101.ipt",
        "component_type": "kPartDocumentObject",
        "grounded": false,
        "suppressed": false,
        "visible": true,
        "adaptive": false,
        "flexible": false,
        "dof_translation": 0,
        "dof_rotation": 0,
        "fully_constrained": true,
        "transform": {
          "rotation_matrix": [
            [
              -3.912264082877827E-14,
              -2.4667799874962942E-14,
              0.99999999999999767
            ],
            [
              0.50000000000004019,
              -0.86602540378441761,
              -1.755789723279994E-15
            ],
            [
              0.8660254037844165,
              0.50000000000004019,
              4.6124142245766134E-14
            ]
          ],
          "translation_cm": [
            -163.45817609578938,
            -61.836279920286948,
            87.1797742335286
          ]
        }
      },
      {
        "node_id": "1830099838-M99.iam:5/1830099838-M101.ipt:3",
        "file_name": "C:\\Users\\hrish\\Downloads\\Assemblies for Training ML model\\Assembly 70\\Workspaces\\1830099838-M1\\1830099838-M101.ipt",
        "component_type": "kPartDocumentObject",
        "grounded": false,
        "suppressed": false,
        "visible": true,
        "adaptive": false,
        "flexible": false,
        "dof_translation": 0,
        "dof_rotation": 0,
        "fully_constrained": true,
        "transform": {
          "rotation_matrix": [
            [
              -3.9122640828778383E-14,
              -2.4667799874962873E-14,
              0.99999999999999833
            ],
            [
              0.50000000000003786,
              -0.86602540378441939,
              -1.8753968458683089E-15
            ],
            [
              0.86602540378441872,
              0.50000000000003852,
              4.6536727464118171E-14
            ]
          ],
          "translation_cm": [
            -163.45817609578933,
            -64.536279920286987,
            85.97977423352873
          ]
        }
      },
      {
        "node_id": "1830099838-M99.iam:5/1830099838-M100.ipt:4",
        "file_name": "C:\\Users\\hrish\\Downloads\\Assemblies for Training ML model\\Assembly 70\\Workspaces\\1830099838-M1\\1830099838-M100.ipt",
        "component_type": "kPartDocumentObject",
        "grounded": false,
        "suppressed": false,
        "visible": true,
        "adaptive": false,
        "flexible": false,
        "dof_translation": 0,
        "dof_rotation": 0,
        "fully_constrained": true,
        "transform": {
          "rotation_matrix": [
            [
              -0.99999999999999722,
              -4.6291231676432187E-14,
              1.8013439310466747E-15
            ],
            [
              1.6003493503053183E-15,
              4.3903507856640889E-14,
              0.999999999999999
            ],
            [
              -4.5091625635506804E-14,
              1.0000000000000009,
              -4.498832099053469E-14
            ]
          ],
          "translation_cm": [
            -162.98817609578904,
            -63.186279920287269,
            79.879774233528678
          ]
        }
      },
      {
        "node_id": "1830099838-M46.ipt:6",
        "file_name": "C:\\Users\\hrish\\Downloads\\Assemblies for Training ML model\\Assembly 70\\Workspaces\\1830099838-M1\\1830099838-M46.ipt",
        "component_type": "kPartDocumentObject",
        "grounded": false,
        "suppressed": false,
        "visible": true,
        "adaptive": false,
        "flexible": false,
        "dof_translation": 0,
        "dof_rotation": 0,
        "fully_constrained": true,
        "transform": {
          "rotation_matrix": [
            [
              1.0452814972905389E-15,
              -8.94240801592507E-15,
              0.99999999999999423
            ],
            [
              0.99999999999998757,
              4.7526910250221013E-14,
              -1.5240651766597152E-15
            ],
            [
              -4.545444424498774E-14,
              0.99999999999998934,
              1.052009687560681E-14
            ]
          ],
          "translation_cm": [
            -264.98817609578907,
            -47.536279920287477,
            69.279774233531541
          ]
        }
      },
      {
        "node_id": "1830099838-M7.iam:7",
        "file_name": "C:\\Users\\hrish\\Downloads\\Assemblies for Training ML model\\Assembly 70\\Workspaces\\1830099838-M1\\1830099838-M7.iam",
        "component_type": "kAssemblyDocumentObject",
        "grounded": false,
        "suppressed": false,
        "visible": true,
        "adaptive": false,
        "flexible": false,
        "dof_translation": 0,
        "dof_rotation": 0,
        "fully_constrained": true,
        "transform": {
          "rotation_matrix": [
            [
              -5.7440971850423217E-15,
              0.99999999999999578,
              -7.17161419887159E-14
            ],
            [
              -0.99999999999999545,
              -6.0216529411943218E-15,
              4.8807045907726142E-14
            ],
            [
              4.8973579361420717E-14,
              7.4089243703853968E-14,
              0.99999999999999911
            ]
          ],
          "translation_cm": [
            -149.46817609578972,
            -323.62627992028644,
            68.279774233544586
          ]
        }
      },
      {
        "node_id": "1830099838-M7.iam:7/1830099838-M5.ipt:1",
        "file_name": "C:\\Users\\hrish\\Downloads\\Assemblies for Training ML model\\Assembly 70\\Workspaces\\1830099838-M1\\1830099838-M5.ipt",
        "component_type": "kPartDocumentObject",
        "grounded": true,
        "suppressed": false,
        "visible": true,
        "adaptive": false,
        "flexible": false,
        "dof_translation": 0,
        "dof_rotation": 0,
        "fully_constrained": false,
        "transform": {
          "rotation_matrix": [
            [
              5.58699272912486E-15,
              0.99999999999999556,
              7.1601896868281646E-14
            ],
            [
              0.99999999999999567,
              -5.8287748433702269E-15,
              -4.5269485058765673E-14
            ],
            [
              -4.5485304964885621E-14,
              7.4089243703853942E-14,
              -0.99999999999999867
            ]
          ],
          "translation_cm": [
            -152.48817609578973,
            -265.03627992028646,
            72.779774233541445
          ]
        }
      },
      {
        "node_id": "1830099838-M7.iam:7/1830099838-M6.ipt:2",
        "file_name": "C:\\Users\\hrish\\Downloads\\Assemblies for Training ML model\\Assembly 70\\Workspaces\\1830099838-M1\\1830099838-M6.ipt",
        "component_type": "kPartDocumentObject",
        "grounded": false,
        "suppressed": false,
        "visible": true,
        "adaptive": false,
        "flexible": false,
        "dof_translation": 0,
        "dof_rotation": 0,
        "fully_constrained": true,
        "transform": {
          "rotation_matrix": [
            [
              5.4803439343111054E-15,
              0.99999999999999578,
              7.1716340465607642E-14
            ],
            [
              0.99999999999999523,
              -5.7578996904633595E-15,
              -4.5287856581186E-14
            ],
            [
              -4.5454390034880554E-14,
              7.4089442180745681E-14,
              -0.99999999999999889
            ]
          ],
          "translation_cm": [
            -277.9881760957885,
            -275.03627992028612,
            62.179774233532626
          ]
        }
      },
      {
        "node_id": "1830099838-M7.iam:8",
        "file_name": "C:\\Users\\hrish\\Downloads\\Assemblies for Training ML model\\Assembly 70\\Workspaces\\1830099838-M1\\1830099838-M7.iam",
        "component_type": "kAssemblyDocumentObject",
        "grounded": false,
        "suppressed": false,
        "visible": true,
        "adaptive": false,
        "flexible": false,
        "dof_translation": 0,
        "dof_rotation": 0,
        "fully_constrained": true,
        "transform": {
          "rotation_matrix": [
            [
              -5.7440971850423225E-15,
              0.99999999999999578,
              -7.17161419887159E-14
            ],
            [
              -0.99999999999999545,
              -6.0216529411943226E-15,
              4.8807045907726136E-14
            ],
            [
              4.8973579361420711E-14,
              7.4089243703853968E-14,
              0.99999999999999911
            ]
          ],
          "translation_cm": [
            -149.46817609578918,
            -203.62627992028635,
            68.279774233539115
          ]
        }
      },
      {
        "node_id": "1830099838-M7.iam:8/1830099838-M5.ipt:1",
        "file_name": "C:\\Users\\hrish\\Downloads\\Assemblies for Training ML model\\Assembly 70\\Workspaces\\1830099838-M1\\1830099838-M5.ipt",
        "component_type": "kPartDocumentObject",
        "grounded": true,
        "suppressed": false,
        "visible": true,
        "adaptive": false,
        "flexible": false,
        "dof_translation": 0,
        "dof_rotation": 0,
        "fully_constrained": false,
        "transform": {
          "rotation_matrix": [
            [
              5.5869927291248606E-15,
              0.99999999999999556,
              7.1601896868281646E-14
            ],
            [
              0.99999999999999567,
              -5.8287748433702277E-15,
              -4.5269485058765667E-14
            ],
            [
              -4.5485304964885614E-14,
              7.4089243703853942E-14,
              -0.99999999999999867
            ]
          ],
          "translation_cm": [
            -152.48817609578919,
            -145.0362799202864,
            72.779774233535974
          ]
        }
      },
      {
        "node_id": "1830099838-M7.iam:8/1830099838-M6.ipt:2",
        "file_name": "C:\\Users\\hrish\\Downloads\\Assemblies for Training ML model\\Assembly 70\\Workspaces\\1830099838-M1\\1830099838-M6.ipt",
        "component_type": "kPartDocumentObject",
        "grounded": false,
        "suppressed": false,
        "visible": true,
        "adaptive": false,
        "flexible": false,
        "dof_translation": 0,
        "dof_rotation": 0,
        "fully_constrained": true,
        "transform": {
          "rotation_matrix": [
            [
              5.4803439343111062E-15,
              0.99999999999999578,
              7.1716340465607642E-14
            ],
            [
              0.99999999999999523,
              -5.75789969046336E-15,
              -4.5287856581185992E-14
            ],
            [
              -4.5454390034880548E-14,
              7.4089442180745681E-14,
              -0.99999999999999889
            ]
          ],
          "translation_cm": [
            -277.98817609578794,
            -155.03627992028603,
            62.179774233527155
          ]
        }
      },
      {
        "node_id": "1830099838-M74.ipt:9",
        "file_name": "C:\\Users\\hrish\\Downloads\\Assemblies for Training ML model\\Assembly 70\\Workspaces\\1830099838-M1\\1830099838-M74.ipt",
        "component_type": "kPartDocumentObject",
        "grounded": false,
        "suppressed": false,
        "visible": true,
        "adaptive": false,
        "flexible": false,
        "dof_translation": 0,
        "dof_rotation": 0,
        "fully_constrained": true,
        "transform": {
          "rotation_matrix": [
            [
              -0.999999999999994,
              -4.6327742763590339E-14,
              1.8016209328163976E-15
            ],
            [
              1.5240651766580358E-15,
              4.6338247758074082E-14,
              0.99999999999999656
            ],
            [
              -4.676303454145957E-14,
              1.0000000000000002,
              -4.5454444244988068E-14
            ]
          ],
          "translation_cm": [
            -121.48823875895098,
            -362.53627992028652,
            69.279774233552459
          ]
        }
      },
      {
        "node_id": "1830099838-M13.iam:10",
        "file_name": "C:\\Users\\hrish\\Downloads\\Assemblies for Training ML model\\Assembly 70\\Workspaces\\1830099838-M1\\1830099838-M13.iam",
        "component_type": "kAssemblyDocumentObject",
        "grounded": false,
        "suppressed": false,
        "visible": true,
        "adaptive": false,
        "flexible": false,
        "dof_translation": 0,
        "dof_rotation": 0,
        "fully_constrained": true,
        "transform": {
          "rotation_matrix": [
            [
              1.8318679906306753E-15,
              -0.999999999999996,
              -1.0544376327256302E-14
            ],
            [
              1.0000000000000004,
              1.83186799063094E-15,
              4.8456685950887811E-14
            ],
            [
              -4.8456685950886668E-14,
              -1.054437632724075E-14,
              0.99999999999999611
            ]
          ],
          "translation_cm": [
            -156.42874792259698,
            -164.40313671382756,
            96.764933855592957
          ]
        }
      },
      {
        "node_id": "1830099838-M13.iam:10/1830099838-M10.ipt:1",
        "file_name": "C:\\Users\\hrish\\Downloads\\Assemblies for Training ML model\\Assembly 70\\Workspaces\\1830099838-M1\\1830099838-M10.ipt",
        "component_type": "kPartDocumentObject",
        "grounded": true,
        "suppressed": false,
        "visible": true,
        "adaptive": false,
        "flexible": false,
        "dof_translation": 0,
        "dof_rotation": 0,
        "fully_constrained": false,
        "transform": {
          "rotation_matrix": [
            [
              1.8318679906306753E-15,
              -0.999999999999996,
              -1.0544376327256302E-14
            ],
            [
              1.0000000000000004,
              1.83186799063094E-15,
              4.8456685950887811E-14
            ],
            [
              -4.8456685950886668E-14,
              -1.054437632724075E-14,
              0.99999999999999611
            ]
          ],
          "translation_cm": [
            -144.98817609578967,
            -212.0362799202851,
            125.27977423354048
          ]
        }
      },
      {
        "node_id": "1830099838-M13.iam:10/1830099838-M71.ipt:2",
        "file_name": "C:\\Users\\hrish\\Downloads\\Assemblies for Training ML model\\Assembly 70\\Workspaces\\1830099838-M1\\1830099838-M71.ipt",
        "component_type": "kPartDocumentObject",
        "grounded": false,
        "suppressed": false,
        "visible": true,
        "adaptive": false,
        "flexible": false,
        "dof_translation": 0,
        "dof_rotation": 0,
        "fully_constrained": true,
        "transform": {
          "rotation_matrix": [
            [
              1.387778780780615E-15,
              -1.0093843172874185E-14,
              0.999999999999996
            ],
            [
              1.0000000000000011,
              4.8345663648425295E-14,
              -1.3919341729429978E-15
            ],
            [
              -4.8456685950886706E-14,
              0.99999999999999611,
              1.0095914206466685E-14
            ]
          ],
          "translation_cm": [
            -168.4881760957893,
            -212.03627992028618,
            102.27977423354034
          ]
        }
      },
      {
        "node_id": "1830099838-M13.iam:10/1830099838-M11.ipt:3",
        "file_name": "C:\\Users\\hrish\\Downloads\\Assemblies for Training ML model\\Assembly 70\\Workspaces\\1830099838-M1\\1830099838-M11.ipt",
        "component_type": "kPartDocumentObject",
        "grounded": false,
        "suppressed": false,
        "visible": true,
        "adaptive": false,
        "flexible": false,
        "dof_translation": 0,
        "dof_rotation": 0,
        "fully_constrained": true,
        "transform": {
          "rotation_matrix": [
            [
              0.99999999999999589,
              -1.0093843172874183E-14,
              -1.3877787807806136E-15
            ],
            [
              -1.8318679906309395E-15,
              4.8475160416825077E-14,
              -1.0
            ],
            [
              1.0544376327240749E-14,
              0.99999999999999589,
              4.8456685950886656E-14
            ]
          ],
          "translation_cm": [
            -144.98817609578936,
            -182.83627992028619,
            102.27977423353916
          ]
        }
      },
      {
        "node_id": "1830099838-M13.iam:10/1830099838-M11.ipt:4",
        "file_name": "C:\\Users\\hrish\\Downloads\\Assemblies for Training ML model\\Assembly 70\\Workspaces\\1830099838-M1\\1830099838-M11.ipt",
        "component_type": "kPartDocumentObject",
        "grounded": false,
        "suppressed": false,
        "visible": true,
        "adaptive": false,
        "flexible": false,
        "dof_translation": 0,
        "dof_rotation": 0,
        "fully_constrained": true,
        "transform": {
          "rotation_matrix": [
            [
              -0.999999999999996,
              -1.0544376327256302E-14,
              1.8318679906306753E-15
            ],
            [
              1.83186799063094E-15,
              4.8456685950887811E-14,
              1.0000000000000004
            ],
            [
              -1.054437632724075E-14,
              0.99999999999999611,
              -4.8456685950886668E-14
            ]
          ],
          "translation_cm": [
            -144.98817609578944,
            -241.23627992028622,
            102.27977423354199
          ]
        }
      },
      {
        "node_id": "1830099838-M13.iam:10/1830099838-M12.ipt:5",
        "file_name": "C:\\Users\\hrish\\Downloads\\Assemblies for Training ML model\\Assembly 70\\Workspaces\\1830099838-M1\\1830099838-M12.ipt",
        "component_type": "kPartDocumentObject",
        "grounded": false,
        "suppressed": false,
        "visible": true,
        "adaptive": false,
        "flexible": false,
        "dof_translation": 0,
        "dof_rotation": 0,
        "fully_constrained": true,
        "transform": {
          "rotation_matrix": [
            [
              -0.99999999999999289,
              -1.0544376327256269E-14,
              1.8318679906306753E-15
            ],
            [
              1.8318679906309344E-15,
              4.8456685950887659E-14,
              1.0000000000000004
            ],
            [
              -1.0544376327240717E-14,
              0.999999999999993,
              -4.8456685950886668E-14
            ]
          ],
          "translation_cm": [
            -144.98817609578933,
            -182.03627992028612,
            103.52977423353911
          ]
        }
      },
      {
        "node_id": "1830099838-M13.iam:10/1830099838-M61.ipt:6",
        "file_name": "C:\\Users\\hrish\\Downloads\\Assemblies for Training ML model\\Assembly 70\\Workspaces\\1830099838-M1\\1830099838-M61.ipt",
        "component_type": "kPartDocumentObject",
        "grounded": false,
        "suppressed": false,
        "visible": true,
        "adaptive": false,
        "flexible": false,
        "dof_translation": 0,
        "dof_rotation": 0,
        "fully_constrained": true,
        "transform": {
          "rotation_matrix": [
            [
              1.387778780780614E-15,
              1.0093843172874188E-14,
              -0.99999999999999645
            ],
            [
              1.0000000000000002,
              -4.895628631196915E-14,
              1.2800412216382164E-15
            ],
            [
              -4.8456685950886668E-14,
              -0.99999999999999656,
              -1.0038726358253753E-14
            ]
          ],
          "translation_cm": [
            -121.4881760957895,
            -212.03627992028626,
            102.27977423354079
          ]
        }
      },
      {
        "node_id": "1830099838-M13.iam:10/1830099838-M11.ipt:8",
        "file_name": "C:\\Users\\hrish\\Downloads\\Assemblies for Training ML model\\Assembly 70\\Workspaces\\1830099838-M1\\1830099838-M11.ipt",
        "component_type": "kPartDocumentObject",
        "grounded": false,
        "suppressed": false,
        "visible": true,
        "adaptive": false,
        "flexible": false,
        "dof_translation": 0,
        "dof_rotation": 0,
        "fully_constrained": true,
        "transform": {
          "rotation_matrix": [
            [
              0.99999999999999589,
              -1.0093843172874183E-14,
              -1.3877787807806136E-15
            ],
            [
              -1.8318679906309395E-15,
              4.8475160416825077E-14,
              -1.0
            ],
            [
              1.0544376327240749E-14,
              0.99999999999999589,
              4.8456685950886656E-14
            ]
          ],
          "translation_cm": [
            -144.98817609578941,
            -211.5362799202862,
            102.27977423354055
          ]
        }
      },
      {
        "node_id": "1830099838-M8.ipt:11",
        "file_name": "C:\\Users\\hrish\\Downloads\\Assemblies for Training ML model\\Assembly 70\\Workspaces\\1830099838-M1\\1830099838-M8.ipt",
        "component_type": "kPartDocumentObject",
        "grounded": false,
        "suppressed": false,
        "visible": true,
        "adaptive": false,
        "flexible": false,
        "dof_translation": 0,
        "dof_rotation": 0,
        "fully_constrained": true,
        "transform": {
          "rotation_matrix": [
            [
              0.99999999999999778,
              1.0085695393547919E-14,
              1.3877787807806042E-15
            ],
            [
              -1.720845688166645E-15,
              -4.7499154674605542E-14,
              0.99999999999999312
            ],
            [
              1.0520096875606853E-14,
              -0.99999999999999245,
              -4.8456685950886315E-14
            ]
          ],
          "translation_cm": [
            -168.48811343262722,
            -362.53627992028549,
            69.279774233547784
          ]
        }
      },
      {
        "node_id": "1830099838-M18.ipt:12",
        "file_name": "C:\\Users\\hrish\\Downloads\\Assemblies for Training ML model\\Assembly 70\\Workspaces\\1830099838-M1\\1830099838-M18.ipt",
        "component_type": "kPartDocumentObject",
        "grounded": false,
        "suppressed": false,
        "visible": true,
        "adaptive": false,
        "flexible": false,
        "dof_translation": 0,
        "dof_rotation": 0,
        "fully_constrained": true,
        "transform": {
          "rotation_matrix": [
            [
              -8.75794052619452E-16,
              0.99999999999999911,
              1.0093843172874111E-14
            ],
            [
              0.99999999999999911,
              7.3701617454203951E-16,
              -4.5750488413045356E-14
            ],
            [
              -4.5732988318860705E-14,
              1.0093829597046249E-14,
              -0.99999999999999933
            ]
          ],
          "translation_cm": [
            -216.13817609578845,
            -310.39407992028589,
            81.279774233535463
          ]
        }
      },
      {
        "node_id": "1830099838-M14.ipt:13",
        "file_name": "C:\\Users\\hrish\\Downloads\\Assemblies for Training ML model\\Assembly 70\\Workspaces\\1830099838-M1\\1830099838-M14.ipt",
        "component_type": "kPartDocumentObject",
        "grounded": false,
        "suppressed": false,
        "visible": true,
        "adaptive": false,
        "flexible": false,
        "dof_translation": 0,
        "dof_rotation": 0,
        "fully_constrained": true,
        "transform": {
          "rotation_matrix": [
            [
              -4.5519144009693178E-15,
              8.815965012792471E-15,
              0.99999999999999922
            ],
            [
              -0.99999999999999978,
              -4.5595018284666841E-14,
              -4.5358884701672006E-15
            ],
            [
              4.5928085192054527E-14,
              -1.0000000000000002,
              8.8714761640233329E-15
            ]
          ],
          "translation_cm": [
            -264.98817609578879,
            -235.03627992028512,
            69.279774233531612
          ]
        }
      },
      {
        "node_id": "1830099838-M82.ipt:14",
        "file_name": "C:\\Users\\hrish\\Downloads\\Assemblies for Training ML model\\Assembly 70\\Workspaces\\1830099838-M1\\1830099838-M82.ipt",
        "component_type": "kPartDocumentObject",
        "grounded": false,
        "suppressed": false,
        "visible": true,
        "adaptive": false,
        "flexible": false,
        "dof_translation": 0,
        "dof_rotation": 0,
        "fully_constrained": true,
        "transform": {
          "rotation_matrix": [
            [
              1.0,
              -1.5639622542819098E-15,
              -4.6335890542916721E-14
            ],
            [
              1.5639622542840084E-15,
              1.0000000000000004,
              4.5454390034879684E-14
            ],
            [
              4.633589054291657E-14,
              -4.5454390034881261E-14,
              1.0000000000000004
            ]
          ],
          "translation_cm": [
            -32.488176095790195,
            -212.03627992028748,
            79.279774233541389
          ]
        }
      },
      {
        "node_id": "1830099838-M52.ipt:15",
        "file_name": "C:\\Users\\hrish\\Downloads\\Assemblies for Training ML model\\Assembly 70\\Workspaces\\1830099838-M1\\1830099838-M52.ipt",
        "component_type": "kPartDocumentObject",
        "grounded": false,
        "suppressed": false,
        "visible": true,
        "adaptive": false,
        "flexible": false,
        "dof_translation": 0,
        "dof_rotation": 0,
        "fully_constrained": true,
        "transform": {
          "rotation_matrix": [
            [
              -0.99999999999999778,
              -8.7736843402812772E-15,
              5.024412169233177E-15
            ],
            [
              4.4490668608144169E-15,
              4.4955832201622981E-14,
              0.99999999999999756
            ],
            [
              -9.1083237426100116E-15,
              1.0,
              -4.5732988318860559E-14
            ]
          ],
          "translation_cm": [
            -194.9881760957897,
            -362.53627992028515,
