{
  "assembly_metadata": {
    "assembly_name": "2205629653-M1.iam",
    "full_file_name": "C:\\Users\\hrish\\Downloads\\Assemblies for Training ML model\\Assembly 72\\Workspaces\\2205629653-M1\\2205629653-M1.iam",
    "internal_name": "{BE2F3BD6-4A06-D5C2-571A-B1A7009E8760}",
    "total_occurrences": 32,
    "total_constraints": 131
  },
  "physics": {
    "mass_kg": 3.7863804614531862,
    "center_of_mass": [
      -1.8808323704171788,
      14.026892707095776,
      -0.077616639327115641
    ],
    "inertia_tensor": [
      1389.4911883729446,
      1789.7559546318594,
      2130.8982113011371,
      -10.24607290682204,
      2.5166302701519561,
      3.4353078644760253
    ]
  },
  "assembly_graph": {
    "nodes": [
      {
        "node_id": "2205629653-M2:1",
        "file_name": "C:\\Users\\hrish\\Downloads\\Assemblies for Training ML model\\Assembly 72\\Workspaces\\2205629653-M1\\2205629653-M2.ipt",
        "component_type": "kPartDocumentObject",
        "grounded": true,
        "suppressed": false,
        "visible": true,
        "adaptive": false,
        "flexible": false,
        "dof_translation": 0,
        "dof_rotation": 0,
        "fully_constrained": false,
        "transform": {
          "rotation_matrix": [
            [
              1.0000000000000011,
              4.163336342340866E-17,
              6.7407548053553255E-34
            ],
            [
              -3.0814879110202632E-32,
              1.0,
              0.0
            ],
            [
              -2.7801973977290566E-17,
              -1.6733454907498355E-16,
              0.99999999999999967
            ]
          ],
          "translation_cm": [
            0.0,
            0.0,
            0.0
          ]
        }
      },
      {
        "node_id": "0298100030-M1-00:28",
        "file_name": "C:\\Users\\hrish\\Downloads\\Assemblies for Training ML model\\Assembly 72\\Workspaces\\2205629653-M1\\0298100030-M1-00.ipt",
        "component_type": "kPartDocumentObject",
        "grounded": false,
        "suppressed": false,
        "visible": true,
        "adaptive": false,
        "flexible": false,
        "dof_translation": 0,
        "dof_rotation": 0,
        "fully_constrained": true,
        "transform": {
          "rotation_matrix": [
            [
              -0.86602540378443749,
              0.50000000000000233,
              -4.0887310133772996E-29
            ],
            [
              -3.38537635947664E-32,
              3.4315792735748034E-32,
              1.0
            ],
            [
              0.50000000000000233,
              0.86602540378443993,
              -4.5698891754684215E-30
            ]
          ],
          "translation_cm": [
            2.0489282481086056E-16,
            0.019999999999999962,
            -4.4869
          ]
        }
      },
      {
        "node_id": "0298100030-M1-00:29",
        "file_name": "C:\\Users\\hrish\\Downloads\\Assemblies for Training ML model\\Assembly 72\\Workspaces\\2205629653-M1\\0298100030-M1-00.ipt",
        "component_type": "kPartDocumentObject",
        "grounded": false,
        "suppressed": false,
        "visible": true,
        "adaptive": false,
        "flexible": false,
        "dof_translation": 0,
        "dof_rotation": 0,
        "fully_constrained": true,
        "transform": {
          "rotation_matrix": [
            [
              -0.86602540378443393,
              0.50000000000000233,
              -3.6805710557925681E-29
            ],
            [
              -2.3054155726732555E-31,
              3.7498904460524718E-31,
              1.0
            ],
            [
              0.50000000000000233,
              0.86602540378443638,
              -1.652247556365497E-30
            ]
          ],
          "translation_cm": [
            -7.00000000000001,
            0.019999999999999962,
            -4.4868999999999968
          ]
        }
      },
      {
        "node_id": "2205694179-M1:1",
        "file_name": "C:\\Users\\hrish\\Downloads\\Assemblies for Training ML model\\Assembly 72\\Workspaces\\2205629653-M1\\2205694179-M1.ipt",
        "component_type": "kPartDocumentObject",
        "grounded": false,
        "suppressed": false,
        "visible": true,
        "adaptive": false,
        "flexible": false,
        "dof_translation": 0,
        "dof_rotation": 0,
        "fully_constrained": true,
        "transform": {
          "rotation_matrix": [
            [
              5.8822867710764032E-15,
              -4.0601833488986293E-16,
              1.0000000000000004
            ],
            [
              -1.0000000000000004,
              -3.708730239541797E-15,
              2.4507854972538413E-29
            ],
            [
              1.8452509913373762E-16,
              -0.99999999999999034,
              6.5812569090305986E-15
            ]
          ],
          "translation_cm": [
            21.49999999999984,
            34.033700000000046,
            11.500000000000151
          ]
        }
      },
      {
        "node_id": "0298100030-M1-00:30",
        "file_name": "C:\\Users\\hrish\\Downloads\\Assemblies for Training ML model\\Assembly 72\\Workspaces\\2205629653-M1\\0298100030-M1-00.ipt",
        "component_type": "kPartDocumentObject",
        "grounded": false,
        "suppressed": false,
        "visible": true,
        "adaptive": false,
        "flexible": false,
        "dof_translation": 0,
        "dof_rotation": 0,
        "fully_constrained": true,
        "transform": {
          "rotation_matrix": [
            [
              -0.86602540378443937,
              -0.4999999999999995,
              -3.39210189245035E-29
            ],
            [
              1.4245470539386531E-30,
              7.5953326851528672E-31,
              1.0
            ],
            [
              -0.500000000000002,
              0.86602540378444182,
              -1.1445142248040108E-30
            ]
          ],
          "translation_cm": [
            0.020207259421633594,
            0.01999999999999999,
            12.535000000000005
          ]
        }
      },
      {
        "node_id": "0989422008-M1-00:1",
        "file_name": "C:\\Users\\hrish\\Downloads\\Assemblies for Training ML model\\Assembly 72\\Workspaces\\2205629653-M1\\0989422008-M1-00.ipt",
        "component_type": "kPartDocumentObject",
        "grounded": false,
        "suppressed": false,
        "visible": true,
        "adaptive": false,
        "flexible": false,
        "dof_translation": 0,
        "dof_rotation": 0,
        "fully_constrained": true,
        "transform": {
          "rotation_matrix": [
            [
              0.99999999999999933,
              2.2145689386836198E-14,
              5.3470198917684675E-15
            ],
            [
              -7.8978491394238551E-16,
              -7.6137053105223788E-16,
              -1.0000000000000027
            ],
            [
              -1.3713612805490848E-14,
              0.99999999999999145,
              -3.0504525565639732E-15
            ]
          ],
          "translation_cm": [
            -21.350000000000158,
            18.0,
            14.000000000000474
          ]
        }
      },
      {
        "node_id": "0298100030-M1-00:31",
        "file_name": "C:\\Users\\hrish\\Downloads\\Assemblies for Training ML model\\Assembly 72\\Workspaces\\2205629653-M1\\0298100030-M1-00.ipt",
        "component_type": "kPartDocumentObject",
        "grounded": false,
        "suppressed": false,
        "visible": true,
        "adaptive": false,
        "flexible": false,
        "dof_translation": 0,
        "dof_rotation": 0,
        "fully_constrained": true,
        "transform": {
          "rotation_matrix": [
            [
              -0.86602540378443749,
              0.50000000000000133,
              -3.76871259419764E-29
            ],
            [
              -8.086849496010962E-31,
              1.3763627741875559E-30,
              1.0
            ],
            [
              0.50000000000000133,
              0.86602540378443993,
              -6.8025901906171758E-30
            ]
          ],
          "translation_cm": [
            -7.0000000000000107,
            0.019999999999999962,
            12.499999999999998
          ]
        }
      },
      {
        "node_id": "0298100030-M1-00:32",
        "file_name": "C:\\Users\\hrish\\Downloads\\Assemblies for Training ML model\\Assembly 72\\Workspaces\\2205629653-M1\\0298100030-M1-00.ipt",
        "component_type": "kPartDocumentObject",
        "grounded": false,
        "suppressed": false,
        "visible": true,
        "adaptive": false,
        "flexible": false,
        "dof_translation": 0,
        "dof_rotation": 0,
        "fully_constrained": true,
        "transform": {
          "rotation_matrix": [
            [
              8.49320613838245E-15,
              0.999999999999986,
              4.9954714480097454E-15
            ],
            [
              -0.99999999999999378,
              1.2323475573339252E-14,
              4.3798070666941405E-15
            ],
            [
              5.217820561217111E-16,
              -4.3293376332346467E-15,
              1.0000000000000016
            ]
          ],
          "translation_cm": [
            20.414196736194132,
            29.899999999999988,
            17.419999999999995
          ]
        }
      },
      {
        "node_id": "0298100030-M1-00:34",
        "file_name": "C:\\Users\\hrish\\Downloads\\Assemblies for Training ML model\\Assembly 72\\Workspaces\\2205629653-M1\\0298100030-M1-00.ipt",
        "component_type": "kPartDocumentObject",
        "grounded": false,
        "suppressed": false,
        "visible": true,
        "adaptive": false,
        "flexible": false,
        "dof_translation": 0,
        "dof_rotation": 0,
        "fully_constrained": true,
        "transform": {
          "rotation_matrix": [
            [
              -0.86602540378442361,
              -0.49999999999999478,
              1.0001014867986794E-14
            ],
            [
              0.50000000000000244,
              -0.86602540378442416,
              -2.530397593911237E-15
            ],
            [
              7.94185056629238E-15,
              3.8992958941069432E-15,
              0.99999999999999856
            ]
          ],
          "translation_cm": [
            -20.445803263806006,
            29.90000000000002,
            17.41999999999998
          ]
        }
      },
      {
        "node_id": "0298100030-M1-00:35",
        "file_name": "C:\\Users\\hrish\\Downloads\\Assemblies for Training ML model\\Assembly 72\\Workspaces\\2205629653-M1\\0298100030-M1-00.ipt",
        "component_type": "kPartDocumentObject",
        "grounded": false,
        "suppressed": false,
        "visible": true,
        "adaptive": false,
        "flexible": false,
        "dof_translation": 0,
        "dof_rotation": 0,
        "fully_constrained": true,
        "transform": {
          "rotation_matrix": [
            [
              -3.6429192995511411E-15,
              0.99999999999998446,
              -4.0999546768878047E-15
            ],
            [
              0.99999999999999212,
              -1.0052722543286059E-15,
              -1.4867978045509477E-15
            ],
            [
              1.8711295797174726E-16,
              -4.3293376332345458E-15,
              -0.99999999999999956
            ]
          ],
          "translation_cm": [
            -20.422098368097167,
            8.26368602791884,
            -17.420000000000016
          ]
        }
      },
      {
        "node_id": "0298100030-M1-00:33",
        "file_name": "C:\\Users\\hrish\\Downloads\\Assemblies for Training ML model\\Assembly 72\\Workspaces\\2205629653-M1\\0298100030-M1-00.ipt",
        "component_type": "kPartDocumentObject",
        "grounded": false,
        "suppressed": false,
        "visible": true,
        "adaptive": false,
        "flexible": false,
        "dof_translation": 0,
        "dof_rotation": 0,
        "fully_constrained": true,
        "transform": {
          "rotation_matrix": [
            [
              0.86602540378443571,
              -0.49999999999998812,
              3.766072373886885E-16
            ],
            [
              -0.49999999999999234,
              -0.86602540378442538,
              5.3710222068771457E-15
            ],
            [
              -3.1419601092491281E-15,
              -4.8935498322585585E-15,
              -0.99999999999999689
            ]
          ],
          "translation_cm": [
            0.025980762113528767,
            -1.13499999999974,
            -17.420000000000012
          ]
        }
      },
      {
        "node_id": "0298100030-M1-00:36",
        "file_name": "C:\\Users\\hrish\\Downloads\\Assemblies for Training ML model\\Assembly 72\\Workspaces\\2205629653-M1\\0298100030-M1-00.ipt",
        "component_type": "kPartDocumentObject",
        "grounded": false,
        "suppressed": false,
        "visible": true,
        "adaptive": false,
        "flexible": false,
        "dof_translation": 0,
        "dof_rotation": 0,
        "fully_constrained": true,
        "transform": {
          "rotation_matrix": [
            [
              -2.2152418788221914E-15,
              0.99999999999998446,
              -8.7710003172387611E-15
            ],
            [
              0.99999999999999556,
              -1.896920120980607E-15,
              -2.4395696322574848E-15
            ],
            [
              -9.2870508012720161E-16,
              -8.8274922905224915E-15,
              -0.99999999999999889
            ]
          ],
          "translation_cm": [
            20.44580326380591,
            8.2500000000002949,
            -17.419999999999987
          ]
        }
      },
      {
        "node_id": "0298100030-M1-00:37",
        "file_name": "C:\\Users\\hrish\\Downloads\\Assemblies for Training ML model\\Assembly 72\\Workspaces\\2205629653-M1\\0298100030-M1-00.ipt",
        "component_type": "kPartDocumentObject",
        "grounded": false,
        "suppressed": false,
        "visible": true,
        "adaptive": false,
        "flexible": false,
        "dof_translation": 0,
        "dof_rotation": 0,
        "fully_constrained": true,
        "transform": {
          "rotation_matrix": [
            [
              2.9254376698872957E-14,
              -0.99999999999998179,
              2.74869077166071E-16
            ],
            [
              0.99999999999999234,
              2.4619195571062913E-14,
              -8.42808957600953E-15
            ],
            [
              8.0672670930064282E-15,
              -5.8197830221808444E-17,
              0.99999999999999645
            ]
          ],
          "translation_cm": [
            -0.00866025403783685,
            -1.1350000000000227,
            17.419999999999991
          ]
        }
      },
      {
        "node_id": "0228100008-M1:1",
        "file_name": "C:\\Users\\hrish\\Downloads\\Assemblies for Training ML model\\Assembly 72\\Workspaces\\2205629653-M1\\0228100008-M1.ipt",
        "component_type": "kPartDocumentObject",
        "grounded": false,
        "suppressed": false,
        "visible": true,
        "adaptive": false,
        "flexible": false,
        "dof_translation": 2,
        "dof_rotation": 0,
        "fully_constrained": false,
        "transform": {
          "rotation_matrix": [
            [
              -4.0615548677409256E-16,
              4.1633363423405055E-17,
              0.99999999999999811
            ],
            [
              -2.7835685153749969E-16,
              1.0,
              8.19706983859447E-16
            ],
            [
              -0.99999999999999811,
              -1.6733454907498357E-16,
              -1.69780123507521E-15
            ]
          ],
          "translation_cm": [
            19.90000000000023,
            33.933700000000059,
            11.499999999999998
          ]
        }
      },
      {
        "node_id": "0298100030-M1-00:38",
        "file_name": "C:\\Users\\hrish\\Downloads\\Assemblies for Training ML model\\Assembly 72\\Workspaces\\2205629653-M1\\0298100030-M1-00.ipt",
        "component_type": "kPartDocumentObject",
        "grounded": false,
        "suppressed": false,
        "visible": true,
        "adaptive": false,
        "flexible": false,
        "dof_translation": 0,
        "dof_rotation": 0,
        "fully_constrained": true,
        "transform": {
          "rotation_matrix": [
            [
              -3.3430365980077138E-17,
              1.0,
              1.2340814706674267E-32
            ],
            [
              -2.8265733227593533E-32,
              -1.2340814706674267E-32,
              1.0
            ],
            [
              1.0,
              3.3430365980077138E-17,
              2.8265733227593533E-32
            ]
          ],
          "translation_cm": [
            19.702886751346121,
            0.019999999999999962,
            13.299999999999999
          ]
        }
      },
      {
        "node_id": "0298100030-M1-00:39",
        "file_name": "C:\\Users\\hrish\\Downloads\\Assemblies for Training ML model\\Assembly 72\\Workspaces\\2205629653-M1\\0298100030-M1-00.ipt",
        "component_type": "kPartDocumentObject",
        "grounded": false,
        "suppressed": false,
        "visible": true,
        "adaptive": false,
        "flexible": false,
        "dof_translation": 0,
        "dof_rotation": 0,
        "fully_constrained": true,
        "transform": {
          "rotation_matrix": [
            [
              -3.3430365980077138E-17,
              1.0,
              1.2340814706674267E-32
            ],
            [
              -2.8265733227593533E-32,
              -1.2340814706674267E-32,
              1.0
            ],
            [
              1.0,
              3.3430365980077138E-17,
              2.8265733227593533E-32
            ]
          ],
          "translation_cm": [
            15.70288675134603,
            0.019999999999999962,
            13.299999999999999
          ]
        }
      },
      {
        "node_id": "0298100030-M1-00:40",
        "file_name": "C:\\Users\\hrish\\Downloads\\Assemblies for Training ML model\\Assembly 72\\Workspaces\\2205629653-M1\\0298100030-M1-00.ipt",
        "component_type": "kPartDocumentObject",
        "grounded": false,
        "suppressed": false,
        "visible": true,
        "adaptive": false,
        "flexible": false,
        "dof_translation": 0,
        "dof_rotation": 0,
        "fully_constrained": true,
        "transform": {
          "rotation_matrix": [
            [
              0.866025403784437,
              -0.50000000000000244,
              3.3434778791675027E-33
            ],
            [
              2.9678095762490879E-32,
              5.8090925490863427E-32,
              1.0
            ],
            [
              -0.50000000000000244,
              -0.866025403784437,
              6.5147265085682131E-32
            ]
          ],
          "translation_cm": [
            19.705773502691862,
            0.019999999999999962,
            -13.895000000000117
          ]
        }
      },
      {
        "node_id": "0298100030-M1-00:41",
        "file_name": "C:\\Users\\hrish\\Downloads\\Assemblies for Training ML model\\Assembly 72\\Workspaces\\2205629653-M1\\0298100030-M1-00.ipt",
        "component_type": "kPartDocumentObject",
        "grounded": false,
        "suppressed": false,
        "visible": true,
        "adaptive": false,
        "flexible": false,
        "dof_translation": 0,
        "dof_rotation": 0,
        "fully_constrained": true,
        "transform": {
          "rotation_matrix": [
            [
              0.86602540378443982,
              0.49999999999999745,
              -2.8046348802757308E-33
            ],
            [
              -1.9625710813822361E-32,
              3.9601998024746122E-32,
              1.0
            ],
            [
              0.49999999999999745,
              -0.86602540378443982,
              4.4109191736962536E-32
            ]
          ],
          "translation_cm": [
            15.697113248654116,
            0.019999999999999962,
            -13.900000000000045
          ]
        }
      },
      {
        "node_id": "0298100030-M1-00:42",
        "file_name": "C:\\Users\\hrish\\Downloads\\Assemblies for Training ML model\\Assembly 72\\Workspaces\\2205629653-M1\\0298100030-M1-00.ipt",
        "component_type": "kPartDocumentObject",
        "grounded": false,
        "suppressed": false,
        "visible": true,
        "adaptive": false,
        "flexible": false,
        "dof_translation": 0,
        "dof_rotation": 0,
        "fully_constrained": true,
        "transform": {
          "rotation_matrix": [
            [
              -0.86602540378443083,
              0.49999999999999739,
              1.097066906319085E-14
            ],
            [
              -0.49999999999999589,
              -0.86602540378442128,
              -9.8101794294080057E-17
            ],
            [
              7.3478145843151217E-15,
              -4.9281963964156241E-15,
              1.0000000000000013
            ]
          ],
          "translation_cm": [
            -20.445803263805903,
            8.2499999999999982,
            17.419999999999973
          ]
        }
      },
      {
        "node_id": "0298100030-M1-00:43",
        "file_name": "C:\\Users\\hrish\\Downloads\\Assemblies for Training ML model\\Assembly 72\\Workspaces\\2205629653-M1\\0298100030-M1-00.ipt",
        "component_type": "kPartDocumentObject",
        "grounded": false,
        "suppressed": false,
        "visible": true,
        "adaptive": false,
        "flexible": false,
        "dof_translation": 0,
        "dof_rotation": 0,
        "fully_constrained": true,
        "transform": {
          "rotation_matrix": [
            [
              -0.86602540378442439,
              0.50000000000001155,
              6.5464751935344391E-15
            ],
            [
              -0.50000000000000888,
              -0.86602540378441506,
              1.4589593864274086E-15
            ],
            [
              4.0102074000020682E-15,
              -1.7127923007770974E-15,
              1.0000000000000004
            ]
          ],
          "translation_cm": [
            20.41419673619426,
            8.2500000000000018,
            17.420000000000005
          ]
        }
      },
      {
        "node_id": "0348011003-M1:1",
        "file_name": "C:\\Users\\hrish\\Downloads\\Assemblies for Training ML model\\Assembly 72\\Workspaces\\2205629653-M1\\0348011003-M1.ipt",
        "component_type": "kPartDocumentObject",
        "grounded": false,
        "suppressed": false,
        "visible": true,
        "adaptive": false,
        "flexible": false,
        "dof_translation": 0,
        "dof_rotation": 0,
        "fully_constrained": true,
        "transform": {
          "rotation_matrix": [
            [
              -4.3395746075332964E-16,
              -5.3886532551919037E-15,
              1.0000000000000004
            ],
            [
              4.9303806566037188E-32,
              1.0,
              5.3886532551919077E-15
            ],
            [
              -1.0000000000000004,
              5.07942636387288E-32,
              -4.3395746075138259E-16
            ]
          ],
          "translation_cm": [
            -1.5900000000000025,
            0.1,
            -11.569999999999999
          ]
        }
      },
      {
        "node_id": "0129311500-M2:1",
        "file_name": "C:\\Users\\hrish\\Downloads\\Assemblies for Training ML model\\Assembly 72\\Workspaces\\2205629653-M1\\0129311500-M2.ipt",
        "component_type": "kPartDocumentObject",
        "grounded": false,
        "suppressed": false,
        "visible": true,
        "adaptive": false,
        "flexible": false,
        "dof_translation": 0,
        "dof_rotation": 1,
        "fully_constrained": false,
        "transform": {
          "rotation_matrix": [
            [
              1.0,
              0.0,
              1.2347393030829408E-44
            ],
            [
              0.0,
              1.0,
              -2.3395711336056581E-30
            ],
            [
              -1.2347393030829408E-44,
              2.3395711336056581E-30,
              1.0
            ]
          ],
          "translation_cm": [
            -1.5900000000000021,
            -0.21999999999999975,
            -11.569999999999999
          ]
        }
      },
      {
        "node_id": "0298100030-M1-00:44",
        "file_name": "C:\\Users\\hrish\\Downloads\\Assemblies for Training ML model\\Assembly 72\\Workspaces\\2205629653-M1\\0298100030-M1-00.ipt",
        "component_type": "kPartDocumentObject",
        "grounded": false,
        "suppressed": false,
        "visible": true,
        "adaptive": false,
        "flexible": false,
        "dof_translation": 0,
        "dof_rotation": 0,
        "fully_constrained": true,
        "transform": {
          "rotation_matrix": [
            [
              -3.3865242747000188E-15,
              0.99999999999998446,
              -4.0999546768878008E-15
            ],
            [
              0.99999999999999212,
              -1.2828280104848932E-15,
              -1.4867978045509494E-15
            ],
            [
              1.8711295797174184E-16,
              -4.3293376332345426E-15,
              -0.99999999999999911
            ]
          ],
          "translation_cm": [
            -20.422098368097281,
            29.91368602791885,
            -17.420000000000009
          ]
        }
      },
      {
        "node_id": "0298100030-M1-00:45",
        "file_name": "C:\\Users\\hrish\\Downloads\\Assemblies for Training ML model\\Assembly 72\\Workspaces\\2205629653-M1\\0298100030-M1-00.ipt",
        "component_type": "kPartDocumentObject",
        "grounded": false,
        "suppressed": false,
        "visible": true,
        "adaptive": false,
        "flexible": false,
        "dof_translation": 0,
        "dof_rotation": 0,
        "fully_constrained": true,
        "transform": {
          "rotation_matrix": [
            [
              -3.4208746946261066E-15,
              0.99999999999998512,
              -8.5981093341758215E-15
            ],
            [
              0.99999999999999234,
              -8.94249951866087E-16,
              -2.4360823889561362E-15
            ],
            [
              -9.2870508012719254E-16,
              -8.8274922905224979E-15,
              -0.99999999999999889
            ]
          ],
          "translation_cm": [
            20.437901631902886,
            29.91368602791885,
            -17.419999999999998
          ]
        }
      },
      {
        "node_id": "2205629653-M3:1",
        "file_name": "C:\\Users\\hrish\\Downloads\\Assemblies for Training ML model\\Assembly 72\\Workspaces\\2205629653-M1\\2205629653-M3.ipt",
        "component_type": "kPartDocumentObject",
        "grounded": false,
        "suppressed": false,
        "visible": true,
        "adaptive": false,
        "flexible": false,
        "dof_translation": 0,
        "dof_rotation": 0,
        "fully_constrained": true,
        "transform": {
          "rotation_matrix": [
            [
              0.99999999999999956,
              4.0589335409459462E-16,
              -3.3115914017298663E-17
            ],
            [
              5.4234187233944991E-31,
              9.8607613152626826E-32,
              -0.99999999999999956
            ],
            [
              -6.2793795901961952E-16,
              0.99999999999999867,
              -3.9953784455316096E-16
            ]
          ],
          "translation_cm": [
            20.250000000000043,
            1.0945753208732667E-29,
            16.399999999999984
          ]
        }
      },
      {
        "node_id": "2205629653-M3:2",
        "file_name": "C:\\Users\\hrish\\Downloads\\Assemblies for Training ML model\\Assembly 72\\Workspaces\\2205629653-M1\\2205629653-M3.ipt",
        "component_type": "kPartDocumentObject",
        "grounded": false,
        "suppressed": false,
        "visible": true,
        "adaptive": false,
        "flexible": false,
        "dof_translation": 0,
        "dof_rotation": 0,
        "fully_constrained": true,
        "transform": {
          "rotation_matrix": [
            [
              0.99999999999999956,
              4.0589335409459575E-16,
              -3.3115914017298663E-17
            ],
            [
              5.2385294487333244E-31,
              9.86076131526268E-32,
              -0.99999999999999956
            ],
            [
              -6.279379590196206E-16,
              0.99999999999999867,
              -3.9953784455316096E-16
            ]
          ],
          "translation_cm": [
            20.250000000000028,
            9.4610923332034468E-30,
            -16.40000000000002
          ]
        }
      },
      {
        "node_id": "2205629653-M3:3",
        "file_name": "C:\\Users\\hrish\\Downloads\\Assemblies for Training ML model\\Assembly 72\\Workspaces\\2205629653-M1\\2205629653-M3.ipt",
        "component_type": "kPartDocumentObject",
        "grounded": false,
        "suppressed": false,
        "visible": true,
        "adaptive": false,
        "flexible": false,
        "dof_translation": 0,
        "dof_rotation": 0,
        "fully_constrained": true,
        "transform": {
          "rotation_matrix": [
            [
              0.99999999999999956,
              4.0589335409459575E-16,
              -3.3115914017298663E-17
            ],
            [
              5.2385294487333244E-31,
              9.86076131526268E-32,
              -0.99999999999999956
            ],
            [
              -6.279379590196206E-16,
              0.99999999999999867,
              -3.9953784455316096E-16
            ]
          ],
          "translation_cm": [
            -20.249999999999957,
            -1.3683151213152617E-16,
            16.399999999999981
          ]
        }
      },
      {
        "node_id": "2205629653-M3:4",
        "file_name": "C:\\Users\\hrish\\Downloads\\Assemblies for Training ML model\\Assembly 72\\Workspaces\\2205629653-M1\\2205629653-M3.ipt",
        "component_type": "kPartDocumentObject",
        "grounded": false,
        "suppressed": false,
        "visible": true,
        "adaptive": false,
        "flexible": false,
        "dof_translation": 0,
        "dof_rotation": 0,
        "fully_constrained": true,
        "transform": {
          "rotation_matrix": [
            [
              0.99999999999999956,
              4.0589335409459575E-16,
              -3.3115914017298663E-17
            ],
            [
              5.2385294487333244E-31,
              9.86076131526268E-32,
              -0.99999999999999956
            ],
            [
              -6.279379590196206E-16,
              0.99999999999999867,
              -3.9953784455316096E-16
            ]
          ],
          "translation_cm": [
            -20.249999999999972,
            -1.3683151213152778E-16,
            -16.40000000000002
          ]
        }
      },
      {
        "node_id": "2205629653-M4:1",
        "file_name": "C:\\Users\\hrish\\Downloads\\Assemblies for Training ML model\\Assembly 72\\Workspaces\\2205629653-M1\\2205629653-M4.ipt",
        "component_type": "kPartDocumentObject",
        "grounded": false,
        "suppressed": false,
        "visible": true,
        "adaptive": false,
        "flexible": false,
        "dof_translation": 0,
        "dof_rotation": 0,
        "fully_constrained": true,
        "transform": {
          "rotation_matrix": [
            [
              -6.2793795901962662E-16,
              -1.0,
              5.4302866186153242E-15
            ],
            [
              1.255069653436435E-30,
              5.4302866186153258E-15,
              0.99999999999999978
            ],
            [
              -0.99999999999999978,
              6.2793795901962761E-16,
              5.05444503090887E-29
            ]
          ],
          "translation_cm": [
            22.500000000000043,
            0.49999999999987771,
            11.600000000000009
          ]
        }
      },
      {
        "node_id": "2205629653-M5:1",
        "file_name": "C:\\Users\\hrish\\Downloads\\Assemblies for Training ML model\\Assembly 72\\Workspaces\\2205629653-M1\\2205629653-M5.ipt",
        "component_type": "kPartDocumentObject",
        "grounded": false,
        "suppressed": false,
        "visible": true,
        "adaptive": false,
        "flexible": false,
        "dof_translation": 0,
        "dof_rotation": 0,
        "fully_constrained": true,
        "transform": {
          "rotation_matrix": [
            [
              -1.0,
              4.0589335409459526E-16,
              5.4302866186153258E-15
            ],
            [
              5.4302866186153258E-15,
              -4.9303806576313238E-32,
              1.0
            ],
            [
              4.0589335409459526E-16,
              1.0,
              -2.1548134427484593E-30
            ]
          ],
          "translation_cm": [
            22.500000000000032,
            0.49999999999987782,
            -11.599999999999802
          ]
        }
      },
      {
        "node_id": "2205629653-M6:1",
        "file_name": "C:\\Users\\hrish\\Downloads\\Assemblies for Training ML model\\Assembly 72\\Workspaces\\2205629653-M1\\2205629653-M6.ipt",
        "component_type": "kPartDocumentObject",
        "grounded": false,
        "suppressed": false,
        "visible": true,
        "adaptive": false,
        "flexible": false,
        "dof_translation": 0,
        "dof_rotation": 0,
        "fully_constrained": true,
        "transform": {
          "rotation_matrix": [
            [
              7.8875022398728927E-16,
              5.430286618615325E-15,
              -1.0
            ],
            [
              -1.8407175944510065E-16,
              1.0,
              5.4302866186153274E-15
            ],
            [
              1.0,
              1.8407175944509648E-16,
              7.8875022398729025E-16
            ]
          ],
          "translation_cm": [
            22.500000000000139,
            17.899999999999878,
            10.600000000000009
          ]
        }
      },
      {
        "node_id": "2205629653-M6:2",
        "file_name": "C:\\Users\\hrish\\Downloads\\Assemblies for Training ML model\\Assembly 72\\Workspaces\\2205629653-M1\\2205629653-M6.ipt",
        "component_type": "kPartDocumentObject",
        "grounded": false,
        "suppressed": false,
        "visible": true,
        "adaptive": false,
        "flexible": false,
        "dof_translation": 0,
        "dof_rotation": 0,
        "fully_constrained": true,
        "transform": {
          "rotation_matrix": [
            [
              -2.3036484201899283E-17,
              -5.4302866186153258E-15,
              -1.0
            ],
            [
              1.8407175944509648E-16,
              -1.0,
              5.430286618615325E-15
            ],
            [
              -1.0,
              -1.8407175944509752E-16,
              2.3036484201900404E-17
            ]
          ],
          "translation_cm": [
            22.500000000000146,
            20.899999999999885,
            -10.599999999999799
          ]
        }
      }
    ],
    "constraint_edges": [
      {
        "constraint_name": "Mate:1",
        "constraint_type": "kMateConstraint",
        "suppressed": false,
        "health_status": "kUpToDateHealth",
        "node_one_id": "0298100030-M1-00:28",
        "node_two_id": "2205629653-M2:1",
        "offset_cm": 0.0,
        "solution": "kNoSolutionType",
        "entity_one": {
          "entity_type": "67119520",
          "proxy_context_occurrence": "0298100030-M1-00:28",
          "owner_document": "C:\\Users\\hrish\\Downloads\\Assemblies for Training ML model\\Assembly 72\\Workspaces\\2205629653-M1\\0298100030-M1-00.ipt",
          "reference_key_string": "AQQDACAAAAAAAAAAAgAAAAEAAAADAAAABAAAAAYAAAAHAAAABgAAAA==",
          "context_key_string": "nsIrpNQR6AFgAC2z7in7sAQAAB5AAADIMgIotS/9IIFFAwBkBQABAADtN0PA0xEdDmAAALgylIewAAABAQAAsS28CdARH+wACNywOz6oCQIBAACyBAAAAFQAZQBzAHQA5AOr+/RGCKN+RMaM4fcBawD/////AAAAAAAABgBICM1Q4SAAYOo/XxjmxA==",
          "surface_type": "kCylinderSurface",
          "area_cm2": 1.8849555921538761,
          "face_normal_at_center": [
            -1.0,
            0.0,
            0.0
          ],
          "face_point_at_center": [
            0.30000000000000004,
            0.0,
            -1.02
          ],
          "face_bbox_min": [
            -0.30000000000000004,
            -0.30000000000000004,
            -1.52
          ],
          "face_bbox_max": [
            0.30000000000000004,
            0.30000000000000004,
            -0.52
          ],
          "radius_cm": 0.30000000000000004,
          "axis": [
            0.0,
            0.0,
            1.0
          ],
          "loops": [
            {
              "is_outer": true,
              "edge_reference_keys": [
                "AQQBABAAAAAAAAAAAgAAAAQAAAAGAAAA"
              ]
            },
            {
              "is_outer": true,
              "edge_reference_keys": [
                "AQQBABAAAAAAAAAAAgAAAAcAAAAGAAAA"
              ]
            }
          ]
        },
        "entity_two": {
          "entity_type": "83893664",
          "proxy_context_occurrence": "2205629653-M2:1",
          "owner_document": "C:\\Users\\hrish\\Downloads\\Assemblies for Training ML model\\Assembly 72\\Workspaces\\2205629653-M1\\2205629653-M2.ipt",
          "reference_key_string": "EAIAABAAAAA1hAgAAAAAAIAAAAAAAAAA",
          "context_key_string": "nsIrpNQR6AFgAC2z7in7sAQAAB5AAADIMgIotS/9IIFFAwBkBQABAADtN0PA0xEdDmAAALgylIewAAABAQAAsS28CdARH+wACNywOz6oCQIBAACyBAAAAFQAZQBzAHQAicMLT1dAyNJPFL2pbM7C+QD/////AAAAAAAABgBICM1Q4SAAYOo/XxjmxA=="
        }
      },
      {
        "constraint_name": "Flush:1",
        "constraint_type": "kFlushConstraint",
        "suppressed": false,
        "health_status": "kUpToDateHealth",
        "node_one_id": "2205629653-M2:1",
        "node_two_id": "0298100030-M1-00:28",
        "offset_cm": 0.0,
        "entity_one": {
          "entity_type": "67119520",
