{
  "assembly_metadata": {
    "assembly_name": "9097556857-M1.iam",
    "full_file_name": "C:\\Users\\hrish\\Downloads\\Assemblies for Training ML model\\Assembly 61\\Workspaces\\9097556857-M1\\9097556857-M1.iam",
    "internal_name": "{C9A16650-4646-CD1B-EC1A-50A8C91474BC}",
    "total_occurrences": 28,
    "total_constraints": 54
  },
  "physics": {
    "mass_kg": 19.679896883017403,
    "center_of_mass": [
      -11.464927292656371,
      0.57433302688249122,
      20.694351164380322
    ],
    "inertia_tensor": [
      11653.208259213512,
      11733.99680345818,
      2598.0848138574083,
      51.028761627145272,
      49.070044695701363,
      243.12531623447686
    ]
  },
  "assembly_graph": {
    "nodes": [
      {
        "node_id": "9097556857-M1.ipt:1",
        "file_name": "C:\\Users\\hrish\\Downloads\\Assemblies for Training ML model\\Assembly 61\\Workspaces\\9097556857-M1\\9097556857-M1.ipt",
        "component_type": "kPartDocumentObject",
        "grounded": true,
        "suppressed": false,
        "visible": true,
        "adaptive": false,
        "flexible": false,
        "dof_translation": 0,
        "dof_rotation": 0,
        "fully_constrained": false,
        "transform": {
          "rotation_matrix": [
            [
              -9.0395127614741916E-17,
              -1.0000000000000071,
              1.1814804424444795E-32
            ],
            [
              1.0000000000000053,
              -6.6461720133738212E-17,
              0.0
            ],
            [
              2.435128123633738E-16,
              1.1102230246251382E-16,
              1.0000000000000007
            ]
          ],
          "translation_cm": [
            -12.0,
            -7.9754064160482039E-16,
            1.7763568394002505E-15
          ]
        }
      },
      {
        "node_id": "9097556857-M8.ipt:2",
        "file_name": "C:\\Users\\hrish\\Downloads\\Assemblies for Training ML model\\Assembly 61\\Workspaces\\9097556857-M1\\9097556857-M8.ipt",
        "component_type": "kPartDocumentObject",
        "grounded": true,
        "suppressed": false,
        "visible": true,
        "adaptive": false,
        "flexible": false,
        "dof_translation": 0,
        "dof_rotation": 0,
        "fully_constrained": false,
        "transform": {
          "rotation_matrix": [
            [
              6.1629758220391175E-32,
              1.0000000000000007,
              -9.0395127614742286E-17
            ],
            [
              -2.4351281236336611E-16,
              -4.838275046340185E-17,
              1.0000000000000004
            ],
            [
              1.0,
              2.2835251019456368E-32,
              2.4351281236337262E-16
            ]
          ],
          "translation_cm": [
            -12.000000000000009,
            -2.502130328148391E-15,
            60.500000000000028
          ]
        }
      },
      {
        "node_id": "9097556857-M9.ipt:3",
        "file_name": "C:\\Users\\hrish\\Downloads\\Assemblies for Training ML model\\Assembly 61\\Workspaces\\9097556857-M1\\9097556857-M9.ipt",
        "component_type": "kPartDocumentObject",
        "grounded": true,
        "suppressed": false,
        "visible": true,
        "adaptive": false,
        "flexible": false,
        "dof_translation": 0,
        "dof_rotation": 0,
        "fully_constrained": false,
        "transform": {
          "rotation_matrix": [
            [
              3.3287217716935143E-17,
              6.64617201337377E-17,
              -1.0
            ],
            [
              3.66430361518301E-16,
              -1.0,
              -6.6461720133737707E-17
            ],
            [
              -1.0,
              -3.6643036151830052E-16,
              -3.3287217716937127E-17
            ]
          ],
          "translation_cm": [
            -12.000000000000004,
            9.070490449387901E-16,
            -6.9999999999999982
          ]
        }
      },
      {
        "node_id": "9097556857-M10.ipt:4",
        "file_name": "C:\\Users\\hrish\\Downloads\\Assemblies for Training ML model\\Assembly 61\\Workspaces\\9097556857-M1\\9097556857-M10.ipt",
        "component_type": "kPartDocumentObject",
        "grounded": true,
        "suppressed": false,
        "visible": true,
        "adaptive": false,
        "flexible": false,
        "dof_translation": 0,
        "dof_rotation": 0,
        "fully_constrained": false,
        "transform": {
          "rotation_matrix": [
            [
              9.0395127614741139E-17,
              1.1303657204811203E-32,
              -0.99999999999999911
            ],
            [
              -0.999999999999997,
              -2.687217492437009E-64,
              -3.6795088377102357E-16
            ],
            [
              2.2204460492503131E-16,
              0.99999999999999845,
              2.9129553744726876E-31
            ]
          ],
          "translation_cm": [
            3.3499999999999828,
            2.2264676244805269E-16,
            11.600000000000012
          ]
        }
      },
      {
        "node_id": "9097556857-M11.ipt:5",
        "file_name": "C:\\Users\\hrish\\Downloads\\Assemblies for Training ML model\\Assembly 61\\Workspaces\\9097556857-M1\\9097556857-M11.ipt",
        "component_type": "kPartDocumentObject",
        "grounded": true,
        "suppressed": false,
        "visible": true,
        "adaptive": false,
        "flexible": false,
        "dof_translation": 0,
        "dof_rotation": 0,
        "fully_constrained": false,
        "transform": {
          "rotation_matrix": [
            [
              -2.0099154048341385E-32,
              -1.7556087505311236E-16,
              -0.99999999999999778
            ],
            [
              2.8899813360850917E-16,
              0.99999999999999878,
              -3.13686094429825E-16
            ],
            [
              0.99999999999999967,
              -3.445092848397669E-16,
              -5.8537698806155282E-18
            ]
          ],
          "translation_cm": [
            0.24999999999998646,
            -8.5459392027829635E-16,
            11.600000000000016
          ]
        }
      },
      {
        "node_id": "9097556857-M12.ipt:6",
        "file_name": "C:\\Users\\hrish\\Downloads\\Assemblies for Training ML model\\Assembly 61\\Workspaces\\9097556857-M1\\9097556857-M12.ipt",
        "component_type": "kPartDocumentObject",
        "grounded": false,
        "suppressed": false,
        "visible": true,
        "adaptive": false,
        "flexible": false,
        "dof_translation": 0,
        "dof_rotation": 0,
        "fully_constrained": true,
        "transform": {
          "rotation_matrix": [
            [
              -3.5062716179507067E-32,
              -6.6461720133737719E-17,
              1.0
            ],
            [
              2.4351281236337252E-16,
              1.0,
              6.6461720133737719E-17
            ],
            [
              -1.0,
              2.4351281236337252E-16,
              -1.8878435795233211E-32
            ]
          ],
          "translation_cm": [
            -12.150000000000004,
            -8.0750989962488185E-16,
            4.5000000000000044
          ]
        }
      },
      {
        "node_id": "9097556857-M13.ipt:7",
        "file_name": "C:\\Users\\hrish\\Downloads\\Assemblies for Training ML model\\Assembly 61\\Workspaces\\9097556857-M1\\9097556857-M13.ipt",
        "component_type": "kPartDocumentObject",
        "grounded": false,
        "suppressed": false,
        "visible": true,
        "adaptive": false,
        "flexible": false,
        "dof_translation": 0,
        "dof_rotation": 0,
        "fully_constrained": true,
        "transform": {
          "rotation_matrix": [
            [
              0.70710678118654458,
              -0.70710678118654369,
              -2.4458994939962879E-16
            ],
            [
              -2.2676597900942825E-17,
              2.2676597900942668E-17,
              -0.99999999999999856
            ],
            [
              0.70710678118654424,
              0.707106781186544,
              -1.0149809463712117E-16
            ]
          ],
          "translation_cm": [
            -21.785000000000068,
            14.500000000000007,
            49.300000000000026
          ]
        }
      },
      {
        "node_id": "9097556857-M14.ipt:8",
        "file_name": "C:\\Users\\hrish\\Downloads\\Assemblies for Training ML model\\Assembly 61\\Workspaces\\9097556857-M1\\9097556857-M14.ipt",
        "component_type": "kPartDocumentObject",
        "grounded": true,
        "suppressed": false,
        "visible": true,
        "adaptive": false,
        "flexible": false,
        "dof_translation": 0,
        "dof_rotation": 0,
        "fully_constrained": false,
        "transform": {
          "rotation_matrix": [
            [
              0.99999999999999556,
              2.7201133081114372E-16,
              -3.2069552299994311E-17
            ],
            [
              -3.20695522999945E-17,
              -1.0601587978314117E-31,
              -1.0000000000000002
            ],
            [
              -2.334869823772473E-16,
              0.99999999999999467,
              2.0184070910869876E-16
            ]
          ],
          "translation_cm": [
            -21.785000000000075,
            14.000000000000004,
            49.300000000000033
          ]
        }
      },
      {
        "node_id": "9097556857-M16.ipt:9",
        "file_name": "C:\\Users\\hrish\\Downloads\\Assemblies for Training ML model\\Assembly 61\\Workspaces\\9097556857-M1\\9097556857-M16.ipt",
        "component_type": "kPartDocumentObject",
        "grounded": true,
        "suppressed": false,
        "visible": true,
        "adaptive": false,
        "flexible": false,
        "dof_translation": 0,
        "dof_rotation": 0,
        "fully_constrained": false,
        "transform": {
          "rotation_matrix": [
            [
              1.0000000000000002,
              -1.7225464241987923E-16,
              2.7703281813865387E-15
            ],
            [
              -2.7703281813865387E-15,
              1.8228047240600519E-16,
              1.0000000000000002
            ],
            [
              -1.7225464241987973E-16,
              -1.0,
              1.8228047240600477E-16
            ]
          ],
          "translation_cm": [
            -12.000000000000002,
            4.4408920985006755E-16,
            -4.3095000000000256
          ]
        }
      },
      {
        "node_id": "9097556857-M17.ipt:10",
        "file_name": "C:\\Users\\hrish\\Downloads\\Assemblies for Training ML model\\Assembly 61\\Workspaces\\9097556857-M1\\9097556857-M17.ipt",
        "component_type": "kPartDocumentObject",
        "grounded": true,
        "suppressed": false,
        "visible": true,
        "adaptive": false,
        "flexible": false,
        "dof_translation": 0,
        "dof_rotation": 0,
        "fully_constrained": false,
        "transform": {
          "rotation_matrix": [
            [
              0.99999999999999334,
              -5.0281771054886671E-17,
              -1.2143660622386945E-16
            ],
            [
              -2.1681522474865936E-16,
              -0.99999999999999356,
              2.3309850860201487E-16
            ],
            [
              -3.9899236238015494E-16,
              -4.0901819236628193E-16,
              -1.0000000000000007
            ]
          ],
          "translation_cm": [
            -12.000000000000007,
            1.3787155142100036E-15,
            -14.309500000000025
          ]
        }
      },
      {
        "node_id": "9097556857-M3.ipt:11",
        "file_name": "C:\\Users\\hrish\\Downloads\\Assemblies for Training ML model\\Assembly 61\\Workspaces\\9097556857-M1\\9097556857-M3.ipt",
        "component_type": "kPartDocumentObject",
        "grounded": true,
        "suppressed": false,
        "visible": true,
        "adaptive": false,
        "flexible": false,
        "dof_translation": 0,
        "dof_rotation": 0,
        "fully_constrained": false,
        "transform": {
          "rotation_matrix": [
            [
              -2.3348698237725322E-16,
              1.0000000000000204,
              6.64617201337379E-17
            ],
            [
              8.3089666675001223E-32,
              6.6461720133738964E-17,
              -1.0000000000000209
            ],
            [
              -1.0000000000000204,
              -2.3348698237725322E-16,
              -4.9641665177300035E-30
            ]
          ],
          "translation_cm": [
            -12.0,
            -11.950000000000253,
            9.6000000000000014
          ]
        }
      },
      {
        "node_id": "9097556857-M23.ipt:12",
        "file_name": "C:\\Users\\hrish\\Downloads\\Assemblies for Training ML model\\Assembly 61\\Workspaces\\9097556857-M1\\9097556857-M23.ipt",
        "component_type": "kPartDocumentObject",
        "grounded": false,
        "suppressed": false,
        "visible": true,
        "adaptive": false,
        "flexible": false,
        "dof_translation": 0,
        "dof_rotation": 0,
        "fully_constrained": true,
        "transform": {
          "rotation_matrix": [
            [
              0.70710678118654557,
              0.70710678118654446,
              5.04878830837538E-18
            ],
            [
              -0.70710678118654469,
              0.70710678118654657,
              -2.4351281236337242E-16
            ],
            [
              -1.7575959337757538E-16,
              1.6861952847831981E-16,
              1.0
            ]
          ],
          "translation_cm": [
            -7.0000000000000036,
            5.0000000000000009,
            -3.9999999999999973
          ]
        }
      },
      {
        "node_id": "9097556857-M6.ipt:13",
        "file_name": "C:\\Users\\hrish\\Downloads\\Assemblies for Training ML model\\Assembly 61\\Workspaces\\9097556857-M1\\9097556857-M6.ipt",
        "component_type": "kPartDocumentObject",
        "grounded": true,
        "suppressed": false,
        "visible": true,
        "adaptive": false,
        "flexible": false,
        "dof_translation": 0,
        "dof_rotation": 0,
        "fully_constrained": false,
        "transform": {
          "rotation_matrix": [
            [
              0.70710678118654713,
              -1.8944893542614389E-16,
              -0.70710678118655035
            ],
            [
              -0.70710678118654635,
              -2.3872632861966209E-16,
              -0.70710678118655024
            ],
            [
              -1.8302306625665116E-16,
              1.0000000000000069,
              -5.8461521948385393E-16
            ]
          ],
          "translation_cm": [
            -1.0603030380330178,
            10.939696961967003,
            -9.9999999999999929
          ]
        }
      },
      {
        "node_id": "9096994673-M1.ipt:14",
        "file_name": "C:\\Users\\hrish\\Downloads\\Assemblies for Training ML model\\Assembly 61\\Workspaces\\9097556857-M1\\9096994673-M1.ipt",
        "component_type": "kPartDocumentObject",
        "grounded": true,
        "suppressed": false,
        "visible": true,
        "adaptive": false,
        "flexible": false,
        "dof_translation": 0,
        "dof_rotation": 0,
        "fully_constrained": false,
        "transform": {
          "rotation_matrix": [
            [
              -0.99999999999999778,
              -2.7372362540065494E-18,
              1.4488134646044789E-15
            ],
            [
              1.402293311643578E-15,
              -2.3873031745875868E-16,
              0.999999999999996
            ],
            [
              8.854411834461172E-16,
              0.99999999999999967,
              2.4351281236337015E-16
            ]
          ],
          "translation_cm": [
            -11.999999999999948,
            -13.200000000000074,
            41.050000000000033
          ]
        }
      },
      {
        "node_id": "9096994675-M1.ipt:15",
        "file_name": "C:\\Users\\hrish\\Downloads\\Assemblies for Training ML model\\Assembly 61\\Workspaces\\9097556857-M1\\9096994675-M1.ipt",
        "component_type": "kPartDocumentObject",
        "grounded": true,
        "suppressed": false,
        "visible": true,
        "adaptive": false,
        "flexible": false,
        "dof_translation": 0,
        "dof_rotation": 0,
        "fully_constrained": false,
        "transform": {
          "rotation_matrix": [
            [
              0.99999999999999833,
              1.1942435642267781E-15,
              -1.4698629554385382E-16
            ],
            [
              1.8608061184368355E-16,
              -2.3873031745875976E-16,
              -0.99999999999999933
            ],
            [
              -1.0079058633608529E-15,
              0.99999999999999933,
              -3.2230102204518574E-16
            ]
          ],
          "translation_cm": [
            -12.15353694981464,
            -13.200000000000074,
            40.800000000000061
          ]
        }
      },
      {
        "node_id": "0611120045-M1.ipt:16",
        "file_name": "C:\\Users\\hrish\\Downloads\\Assemblies for Training ML model\\Assembly 61\\Workspaces\\9097556857-M1\\0611120045-M1.ipt",
        "component_type": "kPartDocumentObject",
        "grounded": true,
        "suppressed": false,
        "visible": true,
        "adaptive": false,
        "flexible": false,
        "dof_translation": 0,
        "dof_rotation": 0,
        "fully_constrained": false,
        "transform": {
          "rotation_matrix": [
            [
              9.03951276147422E-17,
              1.0,
              5.8990226681645939E-32
            ],
            [
              -1.0,
              9.039512761474199E-17,
              -2.4351281236337222E-16
            ],
            [
              -2.4351281236337252E-16,
              1.1243011311498686E-30,
              1.0
            ]
          ],
          "translation_cm": [
            -12.000000000000009,
            -2.3913741181403792E-15,
            60.045172966740139
          ]
        }
      },
      {
        "node_id": "0129327034-M1.ipt:17",
        "file_name": "C:\\Users\\hrish\\Downloads\\Assemblies for Training ML model\\Assembly 61\\Workspaces\\9097556857-M1\\0129327034-M1.ipt",
        "component_type": "kPartDocumentObject",
        "grounded": false,
        "suppressed": false,
        "visible": true,
        "adaptive": false,
        "flexible": false,
        "dof_translation": 0,
        "dof_rotation": 0,
        "fully_constrained": true,
        "transform": {
          "rotation_matrix": [
            [
              -1.8688325858158583E-14,
              1.0000000000000007,
              -1.0079058633608594E-15
            ],
            [
              1.0,
              1.8688325858159615E-14,
              2.3873031745876E-16
            ],
            [
              2.3873031745877958E-16,
              -1.0079058633608549E-15,
              -1.0000000000000007
            ]
          ],
          "translation_cm": [
            -16.499999999999673,
            -13.360000000000069,
            43.55000000000004
          ]
        }
      },
      {
        "node_id": "0129327034-M1.ipt:18",
        "file_name": "C:\\Users\\hrish\\Downloads\\Assemblies for Training ML model\\Assembly 61\\Workspaces\\9097556857-M1\\0129327034-M1.ipt",
        "component_type": "kPartDocumentObject",
        "grounded": false,
        "suppressed": false,
        "visible": true,
        "adaptive": false,
        "flexible": false,
        "dof_translation": 0,
        "dof_rotation": 0,
        "fully_constrained": true,
        "transform": {
          "rotation_matrix": [
            [
              -1.8688325858158586E-14,
              1.0000000000000007,
              -1.0079058633608614E-15
            ],
            [
              1.0,
              1.8688325858159615E-14,
              2.3873031745876E-16
            ],
            [
              2.3873031745877958E-16,
              -1.0079058633608569E-15,
              -1.0000000000000007
            ]
          ],
          "translation_cm": [
            -16.49999999999968,
            -13.360000000000067,
            38.55000000000004
          ]
        }
      },
      {
        "node_id": "0129327034-M1.ipt:19",
        "file_name": "C:\\Users\\hrish\\Downloads\\Assemblies for Training ML model\\Assembly 61\\Workspaces\\9097556857-M1\\0129327034-M1.ipt",
        "component_type": "kPartDocumentObject",
        "grounded": false,
        "suppressed": false,
        "visible": true,
        "adaptive": false,
        "flexible": false,
        "dof_translation": 0,
        "dof_rotation": 0,
        "fully_constrained": true,
        "transform": {
          "rotation_matrix": [
            [
              -1.8688325858158586E-14,
              1.0000000000000007,
              -1.0079058633608614E-15
            ],
            [
              1.0,
              1.8688325858159615E-14,
              2.3873031745876E-16
            ],
            [
              2.3873031745877958E-16,
              -1.0079058633608569E-15,
              -1.0000000000000007
            ]
          ],
          "translation_cm": [
            -7.4999999999996749,
            -13.360000000000067,
            43.550000000000033
          ]
        }
      },
      {
        "node_id": "0129327034-M1.ipt:20",
        "file_name": "C:\\Users\\hrish\\Downloads\\Assemblies for Training ML model\\Assembly 61\\Workspaces\\9097556857-M1\\0129327034-M1.ipt",
        "component_type": "kPartDocumentObject",
        "grounded": false,
        "suppressed": false,
        "visible": true,
        "adaptive": false,
        "flexible": false,
        "dof_translation": 0,
        "dof_rotation": 0,
        "fully_constrained": true,
        "transform": {
          "rotation_matrix": [
            [
              -1.8688325858158586E-14,
              1.0000000000000007,
              -1.0079058633608614E-15
            ],
            [
              1.0,
              1.8688325858159615E-14,
              2.3873031745876E-16
            ],
            [
              2.3873031745877958E-16,
              -1.0079058633608569E-15,
              -1.0000000000000007
            ]
          ],
          "translation_cm": [
            -7.49999999999968,
            -13.360000000000067,
            38.550000000000026
          ]
        }
      },
      {
        "node_id": "0298010600-M1-00.ipt:21",
        "file_name": "C:\\Users\\hrish\\Downloads\\Assemblies for Training ML model\\Assembly 61\\Workspaces\\9097556857-M1\\0298010600-M1-00.ipt",
        "component_type": "kPartDocumentObject",
        "grounded": false,
        "suppressed": false,
        "visible": true,
        "adaptive": false,
        "flexible": false,
        "dof_translation": 0,
        "dof_rotation": 0,
        "fully_constrained": true,
        "transform": {
          "rotation_matrix": [
            [
              -0.86602540378443871,
              0.49999999999999989,
              6.6461720133740234E-17
            ],
            [
              -5.75575380150286E-17,
              3.3230860066868847E-17,
              -1.0
            ],
            [
              -0.49999999999999989,
              -0.86602540378443871,
              -3.9326616312017534E-30
            ]
          ],
          "translation_cm": [
            -1.79999999999997,
            14.100000000000078,
            39.200000000000031
          ]
        }
      },
      {
        "node_id": "0298010600-M1-00.ipt:22",
        "file_name": "C:\\Users\\hrish\\Downloads\\Assemblies for Training ML model\\Assembly 61\\Workspaces\\9097556857-M1\\0298010600-M1-00.ipt",
        "component_type": "kPartDocumentObject",
        "grounded": false,
        "suppressed": false,
        "visible": true,
        "adaptive": false,
        "flexible": false,
        "dof_translation": 0,
        "dof_rotation": 0,
        "fully_constrained": true,
        "transform": {
          "rotation_matrix": [
            [
              -0.86602540378443893,
              0.5,
              6.646172013373783E-17
            ],
            [
              -5.75575380150286E-17,
              3.3230860066868847E-17,
              -1.0
            ],
            [
              -0.5,
              -0.86602540378443893,
              1.4352826164411223E-31
            ]
          ],
          "translation_cm": [
            -7.2999999999999723,
            14.100000000000078,
            39.200000000000031
          ]
        }
      },
      {
        "node_id": "9097556857-M18.ipt:23",
        "file_name": "C:\\Users\\hrish\\Downloads\\Assemblies for Training ML model\\Assembly 61\\Workspaces\\9097556857-M1\\9097556857-M18.ipt",
        "component_type": "kPartDocumentObject",
        "grounded": true,
        "suppressed": false,
        "visible": true,
        "adaptive": false,
        "flexible": false,
        "dof_translation": 0,
        "dof_rotation": 0,
        "fully_constrained": false,
        "transform": {
          "rotation_matrix": [
            [
              -0.49999999999999506,
              -0.70710678118655257,
              0.50000000000000511
            ],
            [
              0.50000000000000011,
              -0.70710678118655146,
              -0.50000000000000522
            ],
            [
              0.70710678118655113,
              -3.8143843828287333E-16,
              0.70710678118655146
            ]
          ],
          "translation_cm": [
            -4.4064108820625609,
            -7.59358911793737,
            17.53895671767577
          ]
        }
      },
      {
        "node_id": "9097556857-M19.ipt:24",
        "file_name": "C:\\Users\\hrish\\Downloads\\Assemblies for Training ML model\\Assembly 61\\Workspaces\\9097556857-M1\\9097556857-M19.ipt",
        "component_type": "kPartDocumentObject",
        "grounded": false,
        "suppressed": false,
        "visible": true,
        "adaptive": false,
        "flexible": false,
        "dof_translation": 0,
        "dof_rotation": 1,
        "fully_constrained": false,
        "transform": {
          "rotation_matrix": [
            [
              -1.0,
              9.03951276147412E-17,
              2.3629608848889574E-32
            ],
            [
              -9.03951276147412E-17,
              -1.0,
              0.0
            ],
            [
              2.3629608848889574E-32,
              1.0680007536908955E-47,
              1.0
            ]
          ],
          "translation_cm": [
            -12.000000000000004,
            -7.9754064160482068E-16,
            52.800000000000033
          ]
        }
      },
      {
        "node_id": "9097556857-M19.ipt:25",
        "file_name": "C:\\Users\\hrish\\Downloads\\Assemblies for Training ML model\\Assembly 61\\Workspaces\\9097556857-M1\\9097556857-M19.ipt",
        "component_type": "kPartDocumentObject",
        "grounded": false,
        "suppressed": false,
        "visible": true,
        "adaptive": false,
        "flexible": false,
        "dof_translation": 0,
        "dof_rotation": 0,
        "fully_constrained": true,
        "transform": {
          "rotation_matrix": [
            [
              -1.0,
              9.03951276147412E-17,
              2.3629608848889574E-32
            ],
            [
              -9.03951276147412E-17,
              -1.0,
              0.0
            ],
            [
              2.3629608848889574E-32,
              1.0680007536908955E-47,
              1.0
            ]
          ],
          "translation_cm": [
            -12.000000000000004,
            -7.9754064160482068E-16,
            -1.3999999999999702
          ]
        }
      },
      {
        "node_id": "9097556857-M20.ipt:26",
        "file_name": "C:\\Users\\hrish\\Downloads\\Assemblies for Training ML model\\Assembly 61\\Workspaces\\9097556857-M1\\9097556857-M20.ipt",
        "component_type": "kPartDocumentObject",
        "grounded": true,
        "suppressed": false,
        "visible": true,
        "adaptive": false,
        "flexible": false,
        "dof_translation": 0,
        "dof_rotation": 0,
        "fully_constrained": false,
        "transform": {
          "rotation_matrix": [
            [
              1.0000000000000016,
              -5.9164345562020836E-17,
              -3.4742640443282529E-17
            ],
            [
              5.17131343219898E-16,
              1.0000000000000027,
              -6.1257529328073793E-17
            ],
            [
              2.3064208365180472E-16,
              2.4455494853458412E-16,
              1.0000000000000009
            ]
          ],
          "translation_cm": [
            -12.000000000000004,
            -0.0049968710876342071,
            -10.500000000000007
          ]
        }
      },
      {
        "node_id": "9097556857-M21.ipt:27",
        "file_name": "C:\\Users\\hrish\\Downloads\\Assemblies for Training ML model\\Assembly 61\\Workspaces\\9097556857-M1\\9097556857-M21.ipt",
        "component_type": "kPartDocumentObject",
        "grounded": false,
        "suppressed": false,
        "visible": true,
        "adaptive": false,
        "flexible": false,
        "dof_translation": 0,
        "dof_rotation": 1,
        "fully_constrained": false,
        "transform": {
          "rotation_matrix": [
            [
              0.81275662060409215,
              -0.5826033604985601,
              4.3324648847551114E-16
            ],
            [
              -0.029130168024927731,
              -0.040637831030205115,
              -0.998749217771909
            ],
            [
              0.58187465056922238,
              0.81174003906727676,
              -0.050000000000000384
            ]
          ],
          "translation_cm": [
            -12.000000000000002,
            -6.1545590973078195,
            -10.512496871087647
          ]
        }
      },
      {
        "node_id": "9097556857-M22.ipt:28",
        "file_name": "C:\\Users\\hrish\\Downloads\\Assemblies for Training ML model\\Assembly 61\\Workspaces\\9097556857-M1\\9097556857-M22.ipt",
        "component_type": "kPartDocumentObject",
        "grounded": true,
        "suppressed": false,
        "visible": true,
        "adaptive": false,
        "flexible": false,
        "dof_translation": 0,
        "dof_rotation": 0,
        "fully_constrained": false,
        "transform": {
          "rotation_matrix": [
            [
              1.0,
              6.6461720133737485E-17,
              -6.6461720133737744E-17
            ],
            [
              6.6461720133737744E-17,
              -1.5413349068154267E-32,
              1.0
            ],
            [
              6.6461720133737744E-17,
              -1.0,
              -1.9830509311289549E-32
            ]
          ],
          "translation_cm": [
            0.20000000000002871,
            14.100000000000078,
            41.200000000000038
          ]
        }
      }
    ],
    "constraint_edges": [
      {
        "constraint_name": "Mate:15",
        "constraint_type": "kMateConstraint",
        "suppressed": false,
        "health_status": "kUpToDateHealth",
        "node_one_id": "9097556857-M14.ipt:8",
        "node_two_id": "9097556857-M1.ipt:1",
        "offset_cm": 0.0,
        "solution": "kUndirectedSolutionType",
        "entity_one": {
          "entity_type": "67119520",
          "proxy_context_occurrence": "9097556857-M14.ipt:8",
          "owner_document": "C:\\Users\\hrish\\Downloads\\Assemblies for Training ML model\\Assembly 61\\Workspaces\\9097556857-M1\\9097556857-M14.ipt",
          "reference_key_string": "AQQEACgAAAAAAAAAAgAAAAEAAAADAAAABQAAAAYAAAAGAAAABgAAAAkAAAAGAAAA",
          "context_key_string": "nsIrpNQR6AFgAC2z7in7sAQAAB5AAADIMgIotS/9IIFFAwBkBQABAADtN0PA0xEdDmAAALgylIewAAABAQAAsS28CdARH+wACNywOz6oCQIBAACyBAAAAFQAZQBzAHQAYBjdKr5B/9dIRiCO3zBoeAD/////AAAAAAAABgBICM1Q4SAAYOo/XxjmxA==",
          "surface_type": "kCylinderSurface",
          "area_cm2": 114.78251020254933,
          "face_normal_at_center": [
            -1.0,
            0.0,
            0.0
          ],
          "face_point_at_center": [
            -2.415,
            0.0,
            7.0
          ],
          "face_bbox_min": [
            -2.4152258284213448,
            -2.4152258284213448,
            0.0
          ],
          "face_bbox_max": [
            2.4152258284213448,
            2.4152258284213448,
            14.000225828421344
          ],
          "radius_cm": 2.415,
          "axis": [
            0.0,
            0.0,
            1.0
          ],
          "loops": [
            {
              "is_outer": true,
              "edge_reference_keys": [
                "AQQBABAAAAAAAAAAAgAAAAUAAAAGAAAA",
                "AQQBABAAAAAAAAAAAgAAAAYAAAAGAAAA"
              ]
            },
            {
              "is_outer": true,
              "edge_reference_keys": [
                "AQQBABAAAAAAAAAAAgAAAAkAAAAGAAAA"
              ]
            }
          ]
        },
        "entity_two": {
          "entity_type": "67119520",
          "proxy_context_occurrence": "9097556857-M1.ipt:1",
          "owner_document": "C:\\Users\\hrish\\Downloads\\Assemblies for Training ML model\\Assembly 61\\Workspaces\\9097556857-M1\\9097556857-M1.ipt",
          "reference_key_string": "AQQDACAAAAAAAAAAAgAAAAEAAAADAAAABAAAAAYAAAAHAAAABgAAAA==",
          "context_key_string": "nsIrpNQR6AFgAC2z7in7sAQAAB5AAADIMgIotS/9IIFFAwBkBQABAADtN0PA0xEdDmAAALgylIewAAABAQAAsS28CdARH+wACNywOz6oCQIBAACyBAAAAFQAZQBzAHQA3dY/5uZPJ8XLPLGi8JIVnAD/////AAAAAAAABgBICM1Q4SAAYOo/XxjmxA==",
          "surface_type": "kCylinderSurface",
          "area_cm2": 11.055803899235022,
          "face_normal_at_center": [
            0.0,
            0.0,
            1.0
          ],
          "face_point_at_center": [
            5.0480961757874621,
            9.785,
            46.885
          ],
          "face_bbox_min": [
            -0.0002258284213410405,
            7.3697741715786584,
            46.884774171578648
          ],
          "face_bbox_max": [
            10.096408590581552,
            12.20022582842134,
            51.715225828421339
          ],
          "radius_cm": 2.415,
          "axis": [
            1.0,
            0.0,
            0.0
          ],
          "loops": [
            {
              "is_outer": true,
              "edge_reference_keys": [
                "AQQBABAAAAAAAAAAAgAAAAQAAAAGAAAA"
              ]
            },
            {
              "is_outer": true,
              "edge_reference_keys": [
                "AQQBABAAAAAAAAAAAgAAAAcAAAAGAAAA"
              ]
            }
          ]
        }
      },
      {
        "constraint_name": "Mate:69",
        "constraint_type": "kMateConstraint",
        "suppressed": false,
        "health_status": "kUpToDateHealth",
        "node_one_id": "9097556857-M1.ipt:1",
        "node_two_id": "9096994673-M1.ipt:14",
        "offset_cm": -13.2,
        "solution": "kNoSolutionType",
        "entity_one": {
          "entity_type": "83887776",
          "proxy_context_occurrence": "9097556857-M1.ipt:1",
          "owner_document": "C:\\Users\\hrish\\Downloads\\Assemblies for Training ML model\\Assembly 61\\Workspaces\\9097556857-M1\\9097556857-M1.ipt",
          "reference_key_string": "EAIAABAAAAAJAAAAAAAAAIAAAAAAAAAA",
          "context_key_string": "nsIrpNQR6AFgAC2z7in7sAQAAB5AAADIMgIotS/9IIFFAwBkBQABAADtN0PA0xEdDmAAALgylIewAAABAQAAsS28CdARH+wACNywOz6oCQIBAACyBAAAAFQAZQBzAHQA3dY/5uZPJ8XLPLGi8JIVnAD/////AAAAAAAABgBICM1Q4SAAYOo/XxjmxA==",
          "surface_type": "kPlaneSurface",
          "area_cm2": 0.0001,
          "face_normal_at_center": [
            1.0,
            0.0,
            0.0
          ],
          "face_point_at_center": [
            0.0,
            0.0,
            0.0
          ],
          "work_feature_name": "YZ Plane"
        },
        "entity_two": {
          "entity_type": "67119520",
          "proxy_context_occurrence": "9096994673-M1.ipt:14",
          "owner_document": "C:\\Users\\hrish\\Downloads\\Assemblies for Training ML model\\Assembly 61\\Workspaces\\9097556857-M1\\9096994673-M1.ipt",
          "reference_key_string": "AQQJAFAAAAAAAAAAAgAAAAEAAAADAAAABAAAAAYAAAAHAAAABgAAAAoAAAAGAAAADQAAAAYAAAAVAAAABgAAABkAAAAGAAAAHAAAAAYAAAAdAAAABgAAAA==",
          "context_key_string": "nsIrpNQR6AFgAC2z7in7sAQAAB5AAADIMgIotS/9IIFFAwBkBQABAADtN0PA0xEdDmAAALgylIewAAABAQAAsS28CdARH+wACNywOz6oCQIBAACyBAAAAFQAZQBzAHQASA+7xxNP6N6GYpWRmZVB7wD/////AAAAAAAABgBICM1Q4SAAYOo/XxjmxA==",
          "surface_type": "kPlaneSurface",
          "area_cm2": 73.167256661176879,
          "face_normal_at_center": [
            0.0,
            0.0,
            -1.0
          ],
          "face_point_at_center": [
            8.8817841970012523E-16,
            -2.0785993728854283E-16,
            0.0
          ],
          "face_bbox_min": [
            -5.6499999999999986,
            -3.25,
            -2.7755575615628914E-17
          ],
          "face_bbox_max": [
            5.65,
            3.25,
            0.0
          ],
          "loops": [
            {
              "is_outer": false,
              "edge_reference_keys": [
                "AQQBABAAAAAAAAAAAgAAAAQAAAAGAAAA"
              ]
            },
            {
              "is_outer": false,
              "edge_reference_keys": [
                "AQQBABAAAAAAAAAAAgAAAAcAAAAGAAAA"
              ]
            },
            {
              "is_outer": false,
              "edge_reference_keys": [
                "AQQBABAAAAAAAAAAAgAAAAoAAAAGAAAA"
              ]
            },
            {
              "is_outer": false,
              "edge_reference_keys": [
                "AQQBABAAAAAAAAAAAgAAAA0AAAAGAAAA"
              ]
            },
            {
              "is_outer": true,
              "edge_reference_keys": [
                "AQQBABAAAAAAAAAAAgAAABUAAAAGAAAA",
                "AQQBABAAAAAAAAAAAgAAABkAAAAGAAAA",
                "AQQBABAAAAAAAAAAAgAAABwAAAAGAAAA",
                "AQQBABAAAAAAAAAAAgAAAB0AAAAGAAAA"
              ]
            }
          ]
        }
      },
      {
        "constraint_name": "Mate:70",
        "constraint_type": "kMateConstraint",
        "suppressed": false,
