{
  "assembly_metadata": {
    "assembly_name": "9097556906-M1.iam",
    "full_file_name": "C:\\Users\\hrish\\Downloads\\Assemblies for Training ML model\\Assembly 63\\Workspaces\\9097556906-M1\\9097556906-M1.iam",
    "internal_name": "{67AB31E2-45AB-4922-88C7-B1B95F5A1701}",
    "total_occurrences": 41,
    "total_constraints": 61
  },
  "physics": {
    "mass_kg": 65.024102754711322,
    "center_of_mass": [
      -0.29980120502041396,
      -0.20504383353471831,
      39.786223900391114
    ],
    "inertia_tensor": [
      50775.271192213964,
      50694.83696533589,
      16089.978529003831,
      -211.53306439640224,
      541.821788102741,
      -326.66418991180825
    ]
  },
  "assembly_graph": {
    "nodes": [
      {
        "node_id": "1092902695-M1:1",
        "file_name": "C:\\Users\\hrish\\Downloads\\Assemblies for Training ML model\\Assembly 63\\Workspaces\\9097556906-M1\\1092902695-M1.ipt",
        "component_type": "kPartDocumentObject",
        "grounded": false,
        "suppressed": false,
        "visible": true,
        "adaptive": false,
        "flexible": false,
        "dof_translation": 0,
        "dof_rotation": 0,
        "fully_constrained": true,
        "transform": {
          "rotation_matrix": [
            [
              0.71933980033864975,
              6.1606451189257786E-16,
              -0.69465837045899326
            ],
            [
              -0.69465837045899281,
              -1.4271870221609448E-15,
              -0.71933980033865053
            ],
            [
              -1.4991482218194829E-15,
              0.99999999999999845,
              -5.9867805763827968E-16
            ]
          ],
          "translation_cm": [
            -3.344679059250773E-15,
            4.8981025308865621E-15,
            60.999999999999943
          ]
        }
      },
      {
        "node_id": "9097556906-M2:1",
        "file_name": "C:\\Users\\hrish\\Downloads\\Assemblies for Training ML model\\Assembly 63\\Workspaces\\9097556906-M1\\9097556906-M2.ipt",
        "component_type": "kPartDocumentObject",
        "grounded": false,
        "suppressed": false,
        "visible": true,
        "adaptive": false,
        "flexible": false,
        "dof_translation": 0,
        "dof_rotation": 0,
        "fully_constrained": true,
        "transform": {
          "rotation_matrix": [
            [
              -0.017452406437284854,
              1.6545982732418726E-15,
              0.99984769515636784
            ],
            [
              0.99984769515636751,
              -1.427187022160946E-15,
              0.017452406437285021
            ],
            [
              1.32856532848017E-15,
              1.0,
              -1.5198109074186207E-15
            ]
          ],
          "translation_cm": [
            -7.6549147155081356E-15,
            9.4651010018016744E-15,
            57.79999999999994
          ]
        }
      },
      {
        "node_id": "9097556906-M15:1",
        "file_name": "C:\\Users\\hrish\\Downloads\\Assemblies for Training ML model\\Assembly 63\\Workspaces\\9097556906-M1\\9097556906-M15.ipt",
        "component_type": "kPartDocumentObject",
        "grounded": false,
        "suppressed": false,
        "visible": true,
        "adaptive": false,
        "flexible": false,
        "dof_translation": 0,
        "dof_rotation": 0,
        "fully_constrained": true,
        "transform": {
          "rotation_matrix": [
            [
              0.8660254037844326,
              0.499999999999991,
              -2.1865870127890339E-16
            ],
            [
              0.49999999999999883,
              -0.866025403784412,
              1.9043026033177345E-15
            ],
            [
              -1.8692114057619385E-16,
              -3.5355210855050348E-15,
              -1.0000000000001235
            ]
          ],
          "translation_cm": [
            -7.8808303651372033E-14,
            8.8388543327299607E-14,
            2.500000000001541
          ]
        }
      },
      {
        "node_id": "9097556906-M5:1",
        "file_name": "C:\\Users\\hrish\\Downloads\\Assemblies for Training ML model\\Assembly 63\\Workspaces\\9097556906-M1\\9097556906-M5.ipt",
        "component_type": "kPartDocumentObject",
        "grounded": false,
        "suppressed": false,
        "visible": true,
        "adaptive": false,
        "flexible": false,
        "dof_translation": 0,
        "dof_rotation": 0,
        "fully_constrained": true,
        "transform": {
          "rotation_matrix": [
            [
              0.50000000000016753,
              0.707106781186504,
              -0.50000000000014555
            ],
            [
              -0.50000000000016986,
              0.70710678118651193,
              0.50000000000014777
            ],
            [
              0.70710678118672,
              -2.0150681739956983E-14,
              0.70710678118675974
            ]
          ],
          "translation_cm": [
            -11.28962299714545,
            11.289622997145354,
            11.615937956643553
          ]
        }
      },
      {
        "node_id": "9097556906-M6:1",
        "file_name": "C:\\Users\\hrish\\Downloads\\Assemblies for Training ML model\\Assembly 63\\Workspaces\\9097556906-M1\\9097556906-M6.ipt",
        "component_type": "kPartDocumentObject",
        "grounded": true,
        "suppressed": false,
        "visible": true,
        "adaptive": false,
        "flexible": false,
        "dof_translation": 0,
        "dof_rotation": 0,
        "fully_constrained": false,
        "transform": {
          "rotation_matrix": [
            [
              1.0,
              1.7072488354532456E-15,
              2.3054896152820635E-15
            ],
            [
              2.3054896152820576E-15,
              -8.1435491884289036E-16,
              -1.0000000000000018
            ],
            [
              -1.7072488354532419E-15,
              1.0000000000000018,
              -8.1435491884286314E-16
            ]
          ],
          "translation_cm": [
            -13.949999999999633,
            -17.30000000000004,
            51.000000000000043
          ]
        }
      },
      {
        "node_id": "9097556906-M7:1",
        "file_name": "C:\\Users\\hrish\\Downloads\\Assemblies for Training ML model\\Assembly 63\\Workspaces\\9097556906-M1\\9097556906-M7.ipt",
        "component_type": "kPartDocumentObject",
        "grounded": false,
        "suppressed": false,
        "visible": true,
        "adaptive": false,
        "flexible": false,
        "dof_translation": 0,
        "dof_rotation": 0,
        "fully_constrained": true,
        "transform": {
          "rotation_matrix": [
            [
              0.49999999999997324,
              0.86602540378439841,
              2.1903840702689972E-15
            ],
            [
              1.8864329710963972E-15,
              1.6386879133263726E-15,
              -0.99999999999995626
            ],
            [
              -0.8660254037844004,
              0.49999999999997613,
              -4.6182956320806294E-16
            ]
          ],
          "translation_cm": [
            -13.949999999999626,
            -18.750000000000071,
            51.000000000000043
          ]
        }
      },
      {
        "node_id": "9097556906-M14:1",
        "file_name": "C:\\Users\\hrish\\Downloads\\Assemblies for Training ML model\\Assembly 63\\Workspaces\\9097556906-M1\\9097556906-M14.ipt",
        "component_type": "kPartDocumentObject",
        "grounded": false,
        "suppressed": false,
        "visible": true,
        "adaptive": false,
        "flexible": false,
        "dof_translation": 0,
        "dof_rotation": 0,
        "fully_constrained": true,
        "transform": {
          "rotation_matrix": [
            [
              0.99999999999999956,
              1.6653345369377321E-16,
              -2.9582283945787908E-31
            ],
            [
              1.1960907260048297E-32,
              -0.999999999999996,
              -9.2444637330588339E-32
            ],
            [
              -1.5450567416082597E-15,
              -1.3018386238815293E-15,
              -0.99999999999999734
            ]
          ],
          "translation_cm": [
            -5.3500000000000014,
            19.049999999999926,
            48.299999999999976
          ]
        }
      },
      {
        "node_id": "9097556906-M12:1",
        "file_name": "C:\\Users\\hrish\\Downloads\\Assemblies for Training ML model\\Assembly 63\\Workspaces\\9097556906-M1\\9097556906-M12.ipt",
        "component_type": "kPartDocumentObject",
        "grounded": false,
        "suppressed": false,
        "visible": true,
        "adaptive": false,
        "flexible": false,
        "dof_translation": 0,
        "dof_rotation": 0,
        "fully_constrained": true,
        "transform": {
          "rotation_matrix": [
            [
              -0.99999999999999956,
              2.8487184275278994E-15,
              1.1102230246251462E-16
            ],
            [
              -2.05654770733131E-31,
              1.6986702109483017E-31,
              1.0000000000000007
            ],
            [
              1.2388950418214212E-15,
              1.0000000000000002,
              -1.8716351077741989E-15
            ]
          ],
          "translation_cm": [
            4.99999999999997,
            19.049999999999933,
            40.899999999999956
          ]
        }
      },
      {
        "node_id": "9097556906-M10:1",
        "file_name": "C:\\Users\\hrish\\Downloads\\Assemblies for Training ML model\\Assembly 63\\Workspaces\\9097556906-M1\\9097556906-M10.ipt",
        "component_type": "kPartDocumentObject",
        "grounded": false,
        "suppressed": false,
        "visible": true,
        "adaptive": false,
        "flexible": false,
        "dof_translation": 0,
        "dof_rotation": 0,
        "fully_constrained": true,
        "transform": {
          "rotation_matrix": [
            [
              -1.3985313859878706E-15,
              -0.99999999999997746,
              -2.1301467927449333E-15
            ],
            [
              1.4271870221609144E-15,
              -2.6491394253378013E-15,
              0.99999999999997136
            ],
            [
              -0.99999999999997691,
              7.8790872244403076E-16,
              8.0394964258170671E-16
            ]
          ],
          "translation_cm": [
            -1.1272908170060453E-13,
            17.399999999999594,
            6.2000000000011362
          ]
        }
      },
      {
        "node_id": "9097556906-M11:1",
        "file_name": "C:\\Users\\hrish\\Downloads\\Assemblies for Training ML model\\Assembly 63\\Workspaces\\9097556906-M1\\9097556906-M11.ipt",
        "component_type": "kPartDocumentObject",
        "grounded": false,
        "suppressed": false,
        "visible": true,
        "adaptive": false,
        "flexible": false,
        "dof_translation": 0,
        "dof_rotation": 0,
        "fully_constrained": true,
        "transform": {
          "rotation_matrix": [
            [
              6.1232339957367537E-17,
              5.8686377017809693E-16,
              0.99999999999999778
            ],
            [
              -0.99999999999999778,
              9.7490254754315548E-16,
              6.1232339957367315E-17
            ],
            [
              -9.7490254754315548E-16,
              -1.0000000000000029,
              5.8686377017809249E-16
            ]
          ],
          "translation_cm": [
            -8.0356275437877509E-14,
            9.0101167753893163E-14,
            1.3000000000012719
          ]
        }
      },
      {
        "node_id": "9097556906-M18:1",
        "file_name": "C:\\Users\\hrish\\Downloads\\Assemblies for Training ML model\\Assembly 63\\Workspaces\\9097556906-M1\\9097556906-M18.ipt",
        "component_type": "kPartDocumentObject",
        "grounded": false,
        "suppressed": false,
        "visible": true,
        "adaptive": false,
        "flexible": false,
        "dof_translation": 0,
        "dof_rotation": 0,
        "fully_constrained": true,
        "transform": {
          "rotation_matrix": [
            [
              1.1070603825406342E-15,
              8.3879050246460385E-15,
              -1.0
            ],
            [
              -2.577664593624728E-15,
              0.99999999999999067,
              6.123233995736766E-17
            ],
            [
              0.99999999999997891,
              1.6547366284979161E-15,
              1.3091495552808547E-15
            ]
          ],
          "translation_cm": [
            4.942575382496566E-14,
            14.499999999999975,
            -12.599999999998749
          ]
        }
      },
      {
        "node_id": "9097556906-M16:1",
        "file_name": "C:\\Users\\hrish\\Downloads\\Assemblies for Training ML model\\Assembly 63\\Workspaces\\9097556906-M1\\9097556906-M16.ipt",
        "component_type": "kPartDocumentObject",
        "grounded": false,
        "suppressed": false,
        "visible": true,
        "adaptive": false,
        "flexible": false,
        "dof_translation": 0,
        "dof_rotation": 0,
        "fully_constrained": true,
        "transform": {
          "rotation_matrix": [
            [
              0.99999999999997569,
              -2.4279542951967249E-15,
              1.2899764887542166E-15
            ],
            [
              2.7055100513530318E-15,
              0.99999999999997125,
              -1.4271870221609138E-15
            ],
            [
              -1.2424231289788433E-16,
              9.27586661079619E-16,
              0.99999999999997735
            ]
          ],
          "translation_cm": [
            -7.6545566461326276E-14,
            9.3368444028261428E-14,
            1.5000000000012719
          ]
        }
      },
      {
        "node_id": "9097556906-M19:1",
        "file_name": "C:\\Users\\hrish\\Downloads\\Assemblies for Training ML model\\Assembly 63\\Workspaces\\9097556906-M1\\9097556906-M19.ipt",
        "component_type": "kPartDocumentObject",
        "grounded": false,
        "suppressed": false,
        "visible": true,
        "adaptive": false,
        "flexible": false,
        "dof_translation": 0,
        "dof_rotation": 0,
        "fully_constrained": true,
        "transform": {
          "rotation_matrix": [
            [
              1.5866535074619541E-14,
              -1.0000000000000016,
              1.9034603683595508E-14
            ],
            [
              -2.5776645936249521E-15,
              6.1232339957337092E-17,
              -1.0000000000000364
            ],
            [
              1.0000000000000657,
              1.3536099695062285E-14,
              4.5297365605632679E-15
            ]
          ],
          "translation_cm": [
            6.200761136193529E-14,
            16.000000000000028,
            -12.599999999998744
          ]
        }
      },
      {
        "node_id": "9097556906-M4:1",
        "file_name": "C:\\Users\\hrish\\Downloads\\Assemblies for Training ML model\\Assembly 63\\Workspaces\\9097556906-M1\\9097556906-M4.ipt",
        "component_type": "kPartDocumentObject",
        "grounded": false,
        "suppressed": false,
        "visible": true,
        "adaptive": false,
        "flexible": false,
        "dof_translation": 0,
        "dof_rotation": 0,
        "fully_constrained": true,
        "transform": {
          "rotation_matrix": [
            [
              -2.4665172832956216E-15,
              -1.2899764887542521E-15,
              -1.0000000000000004
            ],
            [
              1.0000000000000004,
              1.3018386238815344E-15,
              -2.4665172832956204E-15
            ],
            [
              1.3018386238815379E-15,
              -1.0,
              1.2899764887542495E-15
            ]
          ],
          "translation_cm": [
            -5.7500000000000684,
            -13.469999999999439,
            -15.200000000000063
          ]
        }
      },
      {
        "node_id": "9097556906-M8:1",
        "file_name": "C:\\Users\\hrish\\Downloads\\Assemblies for Training ML model\\Assembly 63\\Workspaces\\9097556906-M1\\9097556906-M8.ipt",
        "component_type": "kPartDocumentObject",
        "grounded": false,
        "suppressed": false,
        "visible": true,
        "adaptive": false,
        "flexible": false,
        "dof_translation": 0,
        "dof_rotation": 0,
        "fully_constrained": true,
        "transform": {
          "rotation_matrix": [
            [
              1.0000000000000149,
              -2.7348848534138235E-15,
              -8.9449960259973634E-17
            ],
            [
              2.5535129566378573E-15,
              0.86602540378443749,
              0.49999999999999817
            ],
            [
              -1.3467877484091976E-15,
              -0.50000000000000488,
              0.86602540378445392
            ]
          ],
          "translation_cm": [
            -2.0000000000000933,
            -12.178012701891657,
            -10.895712356943697
          ]
        }
      },
      {
        "node_id": "9097556906-M4:2",
        "file_name": "C:\\Users\\hrish\\Downloads\\Assemblies for Training ML model\\Assembly 63\\Workspaces\\9097556906-M1\\9097556906-M4.ipt",
        "component_type": "kPartDocumentObject",
        "grounded": false,
        "suppressed": false,
        "visible": true,
        "adaptive": false,
        "flexible": false,
        "dof_translation": 0,
        "dof_rotation": 0,
        "fully_constrained": true,
        "transform": {
          "rotation_matrix": [
            [
              -0.86602540378443793,
              -1.1814215915205812E-15,
              0.50000000000000211
            ],
            [
              -0.50000000000000211,
              1.4898612213006491E-15,
              -0.86602540378443793
            ],
            [
              2.7821050018593663E-16,
              -1.0,
              -1.8809684615199635E-15
            ]
          ],
          "translation_cm": [
            14.540362188975969,
            1.7553539282394421,
            -15.200000000000063
          ]
        }
      },
      {
        "node_id": "9097556906-M8:2",
        "file_name": "C:\\Users\\hrish\\Downloads\\Assemblies for Training ML model\\Assembly 63\\Workspaces\\9097556906-M1\\9097556906-M8.ipt",
        "component_type": "kPartDocumentObject",
        "grounded": false,
        "suppressed": false,
        "visible": true,
        "adaptive": false,
        "flexible": false,
        "dof_translation": 0,
        "dof_rotation": 0,
        "fully_constrained": true,
        "transform": {
          "rotation_matrix": [
            [
              -0.50000000000000921,
              -0.749999999999998,
              -0.43301270189221713
            ],
            [
              0.86602540378445036,
              -0.43301270189221935,
              -0.25000000000000172
            ],
            [
              1.7763568394002505E-15,
              -0.50000000000000566,
              0.866025403784453
            ]
          ],
          "translation_cm": [
            11.546468367447755,
            4.3569555433771221,
            -10.895712356943699
          ]
        }
      },
      {
        "node_id": "9097556906-M4:3",
        "file_name": "C:\\Users\\hrish\\Downloads\\Assemblies for Training ML model\\Assembly 63\\Workspaces\\9097556906-M1\\9097556906-M4.ipt",
        "component_type": "kPartDocumentObject",
        "grounded": false,
        "suppressed": false,
        "visible": true,
        "adaptive": false,
        "flexible": false,
        "dof_translation": 0,
        "dof_rotation": 0,
        "fully_constrained": true,
        "transform": {
          "rotation_matrix": [
            [
              0.86602540378443993,
              -1.3985313859879037E-15,
              0.49999999999999833
            ],
            [
              -0.49999999999999833,
              1.4898612213006601E-15,
              0.86602540378443993
            ],
            [
              -1.9560943189057148E-15,
              -1.0,
              5.9099197276573313E-16
            ]
          ],
          "translation_cm": [
            -8.7903621889761983,
            11.714646071760431,
            -15.200000000000017
          ]
        }
      },
      {
        "node_id": "9097556906-M8:3",
        "file_name": "C:\\Users\\hrish\\Downloads\\Assemblies for Training ML model\\Assembly 63\\Workspaces\\9097556906-M1\\9097556906-M8.ipt",
        "component_type": "kPartDocumentObject",
        "grounded": false,
        "suppressed": false,
        "visible": true,
        "adaptive": false,
        "flexible": false,
        "dof_translation": 0,
        "dof_rotation": 0,
        "fully_constrained": true,
        "transform": {
          "rotation_matrix": [
            [
              -0.50000000000000544,
              0.74999999999999867,
              0.43301270189222035
            ],
            [
              -0.86602540378445214,
              -0.433012701892216,
              -0.24999999999999989
            ],
            [
              -6.106226635438361E-16,
              -0.50000000000000744,
              0.866025403784452
            ]
          ],
          "translation_cm": [
            -9.5464683674479431,
            7.8210571585148756,
            -10.895712356943664
          ]
        }
      },
      {
        "node_id": "9097556906-M9:1",
        "file_name": "C:\\Users\\hrish\\Downloads\\Assemblies for Training ML model\\Assembly 63\\Workspaces\\9097556906-M1\\9097556906-M9.ipt",
        "component_type": "kPartDocumentObject",
        "grounded": false,
        "suppressed": false,
        "visible": true,
        "adaptive": false,
        "flexible": false,
        "dof_translation": 0,
        "dof_rotation": 0,
        "fully_constrained": true,
        "transform": {
          "rotation_matrix": [
            [
              7.3203529155811627E-15,
              1.0000000000000071,
              -1.1239478340698278E-16
            ],
            [
              -1.0000000000000091,
              6.3211521934183072E-15,
              -1.7053997162870484E-15
            ],
            [
              -2.2046841392485542E-15,
              6.0131074893596365E-17,
              0.99999999999999489
            ]
          ],
          "translation_cm": [
            16.747448893869496,
            0.29232780782453988,
            64.400999999999939
          ]
        }
      },
      {
        "node_id": "0300013103-M1:1",
        "file_name": "C:\\Users\\hrish\\Downloads\\Assemblies for Training ML model\\Assembly 63\\Workspaces\\9097556906-M1\\0300013103-M1.ipt",
        "component_type": "kPartDocumentObject",
        "grounded": false,
        "suppressed": false,
        "visible": true,
        "adaptive": false,
        "flexible": false,
        "dof_translation": 0,
        "dof_rotation": 0,
        "fully_constrained": true,
        "transform": {
          "rotation_matrix": [
            [
              0.999999999999966,
              1.1102230246251334E-16,
              -4.778747876245172E-16
            ],
            [
              9.4368957093142822E-16,
              0.99999999999996914,
              -1.9945615884537604E-15
            ],
            [
              6.0131074893592223E-17,
              1.4720488152942346E-15,
              1.0
            ]
          ],
          "translation_cm": [
            16.747448893869503,
            0.29232780782454026,
            64.099999999999937
          ]
        }
      },
      {
        "node_id": "9097556906-M9:2",
        "file_name": "C:\\Users\\hrish\\Downloads\\Assemblies for Training ML model\\Assembly 63\\Workspaces\\9097556906-M1\\9097556906-M9.ipt",
        "component_type": "kPartDocumentObject",
        "grounded": false,
        "suppressed": false,
        "visible": true,
        "adaptive": false,
        "flexible": false,
        "dof_translation": 0,
        "dof_rotation": 0,
        "fully_constrained": true,
        "transform": {
          "rotation_matrix": [
            [
              -0.70710678118654879,
              0.7071067811865569,
              -9.5760078260872478E-17
            ],
            [
              -0.70710678118655912,
              -0.70710678118654813,
              -8.1965272509829938E-16
            ],
            [
              -1.1465790238017534E-15,
              -5.6413310794322425E-16,
              0.99999999999999489
            ]
          ],
          "translation_cm": [
            12.048941655672389,
            -11.635527705188139,
            64.400999999999925
          ]
        }
      },
      {
        "node_id": "0300013103-M1:2",
        "file_name": "C:\\Users\\hrish\\Downloads\\Assemblies for Training ML model\\Assembly 63\\Workspaces\\9097556906-M1\\0300013103-M1.ipt",
        "component_type": "kPartDocumentObject",
        "grounded": false,
        "suppressed": false,
        "visible": true,
        "adaptive": false,
        "flexible": false,
        "dof_translation": 0,
        "dof_rotation": 0,
        "fully_constrained": true,
        "transform": {
          "rotation_matrix": [
            [
              0.70710678118652415,
              0.70710678118652581,
              -5.5866178830084781E-16
            ],
            [
              -0.70710678118652293,
              0.70710678118652548,
              -1.0548495285643724E-15
            ],
            [
              -7.6860142861286584E-16,
              6.1841202051713378E-16,
              1.0
            ]
          ],
          "translation_cm": [
            12.048941655672266,
            -11.635527705188,
            64.099999999999923
          ]
        }
      },
      {
        "node_id": "9097556906-M9:3",
        "file_name": "C:\\Users\\hrish\\Downloads\\Assemblies for Training ML model\\Assembly 63\\Workspaces\\9097556906-M1\\9097556906-M9.ipt",
        "component_type": "kPartDocumentObject",
        "grounded": false,
        "suppressed": false,
        "visible": true,
        "adaptive": false,
        "flexible": false,
        "dof_translation": 0,
        "dof_rotation": 0,
        "fully_constrained": true,
        "transform": {
          "rotation_matrix": [
            [
              -1.0000000000000093,
              6.0991075884932767E-15,
              3.3785181776645964E-16
            ],
            [
              -7.0983083106561282E-15,
              -1.0000000000000073,
              -4.0956585469468048E-16
            ],
            [
              -1.6143260519502075E-16,
              -4.6182956320808641E-16,
              0.99999999999999489
            ]
          ],
          "translation_cm": [
            0.2923278078245275,
            -16.747448893869503,
            64.400999999999925
          ]
        }
      },
      {
        "node_id": "0300013103-M1:3",
        "file_name": "C:\\Users\\hrish\\Downloads\\Assemblies for Training ML model\\Assembly 63\\Workspaces\\9097556906-M1\\0300013103-M1.ipt",
        "component_type": "kPartDocumentObject",
        "grounded": false,
        "suppressed": false,
        "visible": true,
        "adaptive": false,
        "flexible": false,
        "dof_translation": 0,
        "dof_rotation": 0,
        "fully_constrained": true,
        "transform": {
          "rotation_matrix": [
            [
              7.2164496600640451E-16,
              0.99999999999996936,
              4.868994559976347E-17
            ],
            [
              -0.99999999999996625,
              -3.3306690738753897E-16,
              -3.3324772264385062E-16
            ],
            [
              -7.5099143537475068E-16,
              -5.7120271875922711E-16,
              1.0
            ]
          ],
          "translation_cm": [
            0.2923278078245346,
            -16.747448893869315,
            64.099999999999923
          ]
        }
      },
      {
        "node_id": "9097556906-M9:4",
        "file_name": "C:\\Users\\hrish\\Downloads\\Assemblies for Training ML model\\Assembly 63\\Workspaces\\9097556906-M1\\9097556906-M9.ipt",
        "component_type": "kPartDocumentObject",
        "grounded": false,
        "suppressed": false,
        "visible": true,
        "adaptive": false,
        "flexible": false,
        "dof_translation": 0,
        "dof_rotation": 0,
        "fully_constrained": true,
        "transform": {
          "rotation_matrix": [
            [
              -0.70710678118655934,
              -0.707106781186548,
              9.344369367885096E-16
            ],
            [
              0.70710678118654868,
              -0.70710678118655712,
              -4.2620055984079505E-16
            ],
            [
              4.62831577641804E-16,
              3.0711368007201068E-16,
              0.99999999999999489
            ]
          ],
          "translation_cm": [
            -11.635527705188146,
            -12.048941655672397,
            64.400999999999939
          ]
        }
      },
      {
        "node_id": "0300013103-M1:4",
        "file_name": "C:\\Users\\hrish\\Downloads\\Assemblies for Training ML model\\Assembly 63\\Workspaces\\9097556906-M1\\0300013103-M1.ipt",
        "component_type": "kPartDocumentObject",
        "grounded": false,
        "suppressed": false,
        "visible": true,
        "adaptive": false,
        "flexible": false,
        "dof_translation": 0,
        "dof_rotation": 0,
        "fully_constrained": true,
        "transform": {
          "rotation_matrix": [
            [
              -0.70710678118652281,
              0.7071067811865257,
              9.8840200548915281E-16
            ],
            [
              -0.70710678118652437,
              -0.7071067811865257,
              -2.524607219675205E-16
            ],
            [
              1.0264535940234818E-16,
              -1.3999352222656867E-15,
              1.0
            ]
          ],
          "translation_cm": [
            -11.635527705188004,
            -12.048941655672269,
            64.099999999999937
          ]
        }
      },
      {
        "node_id": "9097556906-M9:5",
        "file_name": "C:\\Users\\hrish\\Downloads\\Assemblies for Training ML model\\Assembly 63\\Workspaces\\9097556906-M1\\9097556906-M9.ipt",
        "component_type": "kPartDocumentObject",
        "grounded": false,
        "suppressed": false,
        "visible": true,
        "adaptive": false,
        "flexible": false,
        "dof_translation": 0,
        "dof_rotation": 0,
        "fully_constrained": true,
        "transform": {
          "rotation_matrix": [
            [
              -7.4428175954959E-15,
              -1.0000000000000071,
              1.3445238071921288E-15
            ],
            [
              1.0000000000000091,
              -6.4436168733330455E-15,
              -8.5981245586812695E-16
            ],
            [
              3.605280329066664E-16,
              1.292260098678741E-15,
              0.99999999999999489
            ]
          ],
          "translation_cm": [
            -16.747448893869496,
            -0.29232780782453882,
            64.400999999999954
          ]
        }
      },
      {
        "node_id": "0300013103-M1:5",
        "file_name": "C:\\Users\\hrish\\Downloads\\Assemblies for Training ML model\\Assembly 63\\Workspaces\\9097556906-M1\\0300013103-M1.ipt",
        "component_type": "kPartDocumentObject",
        "grounded": false,
        "suppressed": false,
        "visible": true,
        "adaptive": false,
        "flexible": false,
        "dof_translation": 0,
        "dof_rotation": 0,
        "fully_constrained": true,
        "transform": {
          "rotation_matrix": [
            [
              -0.999999999999966,
              1.1442377452218231E-17,
              1.7100038114096748E-15
            ],
            [
              -1.0661542508461614E-15,
              -0.99999999999996914,
              -8.5981245586813158E-16
            ],
            [
              1.2922600986787051E-15,
              -1.3823252290275702E-15,
              1.0
            ]
          ],
          "translation_cm": [
            -16.747448893869315,
            -0.29232780782454432,
            64.099999999999952
          ]
        }
      },
      {
        "node_id": "9097556906-M9:6",
        "file_name": "C:\\Users\\hrish\\Downloads\\Assemblies for Training ML model\\Assembly 63\\Workspaces\\9097556906-M1\\9097556906-M9.ipt",
        "component_type": "kPartDocumentObject",
        "grounded": false,
        "suppressed": false,
        "visible": true,
        "adaptive": false,
        "flexible": false,
        "dof_translation": 0,
        "dof_rotation": 0,
        "fully_constrained": true,
        "transform": {
          "rotation_matrix": [
            [
              0.70710678118654868,
              -0.7071067811865569,
              1.327889102046014E-15
            ],
            [
              0.70710678118655912,
              0.707106781186548,
              -1.4563975748901772E-15
            ],
            [
              -4.0841521037343168E-16,
              1.916524281515563E-15,
              0.99999999999999489
            ]
          ],
          "translation_cm": [
            -12.048941655672397,
            11.635527705188139,
            64.400999999999968
          ]
        }
      },
      {
        "node_id": "0300013103-M1:6",
        "file_name": "C:\\Users\\hrish\\Downloads\\Assemblies for Training ML model\\Assembly 63\\Workspaces\\9097556906-M1\\0300013103-M1.ipt",
        "component_type": "kPartDocumentObject",
        "grounded": false,
        "suppressed": false,
        "visible": true,
        "adaptive": false,
        "flexible": false,
        "dof_translation": 0,
        "dof_rotation": 0,
        "fully_constrained": true,
        "transform": {
          "rotation_matrix": [
            [
              -0.70710678118652415,
              -0.7071067811865257,
              1.7907908120860053E-15
            ],
            [
              0.70710678118652281,
              -0.70710678118652548,
              -1.7995245157575211E-15
            ],
            [
              2.120992602185163E-15,
              -5.2868843425046736E-16,
              1.0
            ]
          ],
          "translation_cm": [
            -12.048941655672273,
            11.635527705188002,
            64.099999999999966
          ]
        }
      },
      {
        "node_id": "9097556906-M9:7",
        "file_name": "C:\\Users\\hrish\\Downloads\\Assemblies for Training ML model\\Assembly 63\\Workspaces\\9097556906-M1\\9097556906-M9.ipt",
        "component_type": "kPartDocumentObject",
        "grounded": false,
        "suppressed": false,
        "visible": true,
        "adaptive": false,
        "flexible": false,
        "dof_translation": 0,
        "dof_rotation": 0,
        "fully_constrained": true,
        "transform": {
          "rotation_matrix": [
            [
              1.0000000000000091,
              -6.5431967983433409E-15,
              8.9427720601868263E-16
            ],
            [
              7.5423975205061987E-15,
              1.0000000000000071,
              -1.8664844452937962E-15
            ],
            [
              -1.3935616289801638E-15,
              1.8142207367804259E-15,
              0.99999999999999489
            ]
          ],
          "translation_cm": [
            -0.29232780782454526,
            16.747448893869496,
            64.400999999999954
          ]
        }
      },
      {
        "node_id": "0300013103-M1:7",
        "file_name": "C:\\Users\\hrish\\Downloads\\Assemblies for Training ML model\\Assembly 63\\Workspaces\\9097556906-M1\\0300013103-M1.ipt",
        "component_type": "kPartDocumentObject",
        "grounded": false,
        "suppressed": false,
        "visible": true,
        "adaptive": false,
        "flexible": false,
        "dof_translation": 0,
        "dof_rotation": 0,
        "fully_constrained": true,
        "transform": {
          "rotation_matrix": [
            [
              -1.165734175856452E-15,
              -0.99999999999996914,
              1.1834390781853942E-15
            ],
            [
              0.999999999999966,
              -1.1102230246251424E-16,
              -2.5211263216780427E-15
            ],
            [
              2.1033826089470484E-15,
              6.6092630502589293E-16,
              1.0
            ]
          ],
          "translation_cm": [
            -0.29232780782454526,
            16.747448893869308,
            64.099999999999966
          ]
        }
      },
      {
        "node_id": "9097556906-M9:8",
        "file_name": "C:\\Users\\hrish\\Downloads\\Assemblies for Training ML model\\Assembly 63\\Workspaces\\9097556906-M1\\9097556906-M9.ipt",
        "component_type": "kPartDocumentObject",
        "grounded": false,
        "suppressed": false,
        "visible": true,
        "adaptive": false,
        "flexible": false,
        "dof_translation": 0,
        "dof_rotation": 0,
        "fully_constrained": true,
        "transform": {
          "rotation_matrix": [
            [
              0.70710678118655934,
              0.70710678118654791,
              2.9769208699663227E-16
            ],
            [
              -0.70710678118654857,
              0.70710678118655712,
              -1.8498497401476818E-15
            ],
            [
              -2.0178258118169887E-15,
              1.0452774935003292E-15,
              0.99999999999999489
            ]
          ],
          "translation_cm": [
            11.635527705188132,
            12.048941655672396,
            64.400999999999954
          ]
        }
      },
      {
        "node_id": "0300013103-M1:8",
        "file_name": "C:\\Users\\hrish\\Downloads\\Assemblies for Training ML model\\Assembly 63\\Workspaces\\9097556906-M1\\0300013103-M1.ipt",
        "component_type": "kPartDocumentObject",
        "grounded": false,
        "suppressed": false,
        "visible": true,
        "adaptive": false,
        "flexible": false,
        "dof_translation": 0,
        "dof_rotation": 0,
        "fully_constrained": true,
        "transform": {
          "rotation_matrix": [
            [
