{
  "assembly_metadata": {
    "assembly_name": "9097556994-M1.iam",
    "full_file_name": "C:\\Users\\hrish\\Downloads\\Assemblies for Training ML model\\Assembly 64\\Workspaces\\9097556994-M1\\9097556994-M1.iam",
    "internal_name": "{C9A16650-4646-CD1B-EC1A-50A8C91474BC}",
    "total_occurrences": 25,
    "total_constraints": 58
  },
  "physics": {
    "mass_kg": 17.287969630331887,
    "center_of_mass": [
      -12.097642322374879,
      0.34272129281646424,
      22.947145243664448
    ],
    "inertia_tensor": [
      10580.883559303236,
      10628.831181049509,
      1728.2220120029463,
      -34.383756047578736,
      80.473768892943085,
      -128.98858719948865
    ]
  },
  "assembly_graph": {
    "nodes": [
      {
        "node_id": "9097556994-M1.ipt:1",
        "file_name": "C:\\Users\\hrish\\Downloads\\Assemblies for Training ML model\\Assembly 64\\Workspaces\\9097556994-M1\\9097556994-M1.ipt",
        "component_type": "kPartDocumentObject",
        "grounded": true,
        "suppressed": false,
        "visible": true,
        "adaptive": false,
        "flexible": false,
        "dof_translation": 0,
        "dof_rotation": 0,
        "fully_constrained": false,
        "transform": {
          "rotation_matrix": [
            [
              -9.0395127614741916E-17,
              -1.0000000000000071,
              1.1814804424444795E-32
            ],
            [
              1.0000000000000053,
              -6.6461720133738212E-17,
              0.0
            ],
            [
              2.435128123633738E-16,
              1.1102230246251382E-16,
              1.0000000000000007
            ]
          ],
          "translation_cm": [
            -12.0,
            -7.9754064160482039E-16,
            1.7763568394002505E-15
          ]
        }
      },
      {
        "node_id": "9097556994-M2.ipt:2",
        "file_name": "C:\\Users\\hrish\\Downloads\\Assemblies for Training ML model\\Assembly 64\\Workspaces\\9097556994-M1\\9097556994-M2.ipt",
        "component_type": "kPartDocumentObject",
        "grounded": true,
        "suppressed": false,
        "visible": true,
        "adaptive": false,
        "flexible": false,
        "dof_translation": 0,
        "dof_rotation": 0,
        "fully_constrained": false,
        "transform": {
          "rotation_matrix": [
            [
              1.1102230246251325E-16,
              -0.98374457633773293,
              0.17957340706823838
            ],
            [
              -2.43512812363372E-16,
              -0.17957340706823838,
              -0.98374457633773293
            ],
            [
              1.0,
              6.5489162519165248E-17,
              -2.5949106154496969E-16
            ]
          ],
          "translation_cm": [
            -12.000000000000002,
            -9.1542454338482757E-16,
            58.700000000000045
          ]
        }
      },
      {
        "node_id": "9097556994-M3.ipt:3",
        "file_name": "C:\\Users\\hrish\\Downloads\\Assemblies for Training ML model\\Assembly 64\\Workspaces\\9097556994-M1\\9097556994-M3.ipt",
        "component_type": "kPartDocumentObject",
        "grounded": false,
        "suppressed": false,
        "visible": true,
        "adaptive": false,
        "flexible": false,
        "dof_translation": 0,
        "dof_rotation": 0,
        "fully_constrained": true,
        "transform": {
          "rotation_matrix": [
            [
              -1.1102230246251281E-16,
              6.6461720133739051E-17,
              -1.0
            ],
            [
              2.4351281236336774E-16,
              -1.0,
              -6.6461720133737522E-17
            ],
            [
              -1.0,
              -2.4351281236337252E-16,
              1.1102230246251466E-16
            ]
          ],
          "translation_cm": [
            -12.000000000000004,
            -7.9754064160482068E-16,
            1.7763568394002516E-15
          ]
        }
      },
      {
        "node_id": "9097556994-M4.ipt:4",
        "file_name": "C:\\Users\\hrish\\Downloads\\Assemblies for Training ML model\\Assembly 64\\Workspaces\\9097556994-M1\\9097556994-M4.ipt",
        "component_type": "kPartDocumentObject",
        "grounded": false,
        "suppressed": false,
        "visible": true,
        "adaptive": false,
        "flexible": false,
        "dof_translation": 0,
        "dof_rotation": 0,
        "fully_constrained": true,
        "transform": {
          "rotation_matrix": [
            [
              2.1109403602254607E-16,
              1.2325951644078309E-32,
              0.99999999999999911
            ],
            [
              0.999999999999997,
              -1.5192908393215796E-64,
              6.6461720133737682E-17
            ],
            [
              2.2204460492503131E-16,
              0.99999999999999845,
              2.3341906488293497E-31
            ]
          ],
          "translation_cm": [
            -24.599999999999987,
            -1.6349583152899156E-15,
            11.600000000000016
          ]
        }
      },
      {
        "node_id": "9097556994-M5.ipt:5",
        "file_name": "C:\\Users\\hrish\\Downloads\\Assemblies for Training ML model\\Assembly 64\\Workspaces\\9097556994-M1\\9097556994-M5.ipt",
        "component_type": "kPartDocumentObject",
        "grounded": true,
        "suppressed": false,
        "visible": true,
        "adaptive": false,
        "flexible": false,
        "dof_translation": 0,
        "dof_rotation": 0,
        "fully_constrained": false,
        "transform": {
          "rotation_matrix": [
            [
              -5.853769880618793E-18,
              -7.1663499242975476E-17,
              0.99999999999999578
            ],
            [
              6.0098007644086366E-15,
              -0.99999999999999878,
              6.646172013373746E-17
            ],
            [
              0.99999999999999767,
              5.9542896131773874E-15,
              2.7277740079471471E-31
            ]
          ],
          "translation_cm": [
            -21.499999999999641,
            -3.1899905134104714E-13,
            11.600000000000012
          ]
        }
      },
      {
        "node_id": "9097556994-M6.ipt:6",
        "file_name": "C:\\Users\\hrish\\Downloads\\Assemblies for Training ML model\\Assembly 64\\Workspaces\\9097556994-M1\\9097556994-M6.ipt",
        "component_type": "kPartDocumentObject",
        "grounded": false,
        "suppressed": false,
        "visible": true,
        "adaptive": false,
        "flexible": false,
        "dof_translation": 0,
        "dof_rotation": 0,
        "fully_constrained": true,
        "transform": {
          "rotation_matrix": [
            [
              -3.697785493223431E-32,
              -1.2349725987839429E-16,
              0.99999999999999023
            ],
            [
              9.8607613152624987E-32,
              0.99999999999999023,
              1.2349725987839429E-16
            ],
            [
              -0.99999999999999023,
              9.80246348424718E-32,
              -3.69778549322343E-32
            ]
          ],
          "translation_cm": [
            -12.149999999999999,
            -8.0750989962488135E-16,
            4.59988418533311
          ]
        }
      },
      {
        "node_id": "9097556994-M7.ipt:7",
        "file_name": "C:\\Users\\hrish\\Downloads\\Assemblies for Training ML model\\Assembly 64\\Workspaces\\9097556994-M1\\9097556994-M7.ipt",
        "component_type": "kPartDocumentObject",
        "grounded": true,
        "suppressed": false,
        "visible": true,
        "adaptive": false,
        "flexible": false,
        "dof_translation": 0,
        "dof_rotation": 0,
        "fully_constrained": false,
        "transform": {
          "rotation_matrix": [
            [
              0.99999999999999556,
              -7.85046229341861E-17,
              -9.1847973955557648E-18
            ],
            [
              2.128598075294752E-16,
              -1.6413678316940723E-16,
              -0.99999999999999856
            ],
            [
              6.12323399573674E-17,
              0.99999999999999489,
              -8.56321602352209E-17
            ]
          ],
          "translation_cm": [
            -3.8999999999999506,
            13.669699999999978,
            53.000000000000064
          ]
        }
      },
      {
        "node_id": "9097556994-M8.ipt:8",
        "file_name": "C:\\Users\\hrish\\Downloads\\Assemblies for Training ML model\\Assembly 64\\Workspaces\\9097556994-M1\\9097556994-M8.ipt",
        "component_type": "kPartDocumentObject",
        "grounded": true,
        "suppressed": false,
        "visible": true,
        "adaptive": false,
        "flexible": false,
        "dof_translation": 0,
        "dof_rotation": 0,
        "fully_constrained": false,
        "transform": {
          "rotation_matrix": [
            [
              -0.99999999999999556,
              -1.224646799147347E-16,
              2.1285980752947681E-16
            ],
            [
              -2.1285980752947602E-16,
              1.6413678316940715E-16,
              -1.0000000000000002
            ],
            [
              8.39403314808383E-17,
              -0.99999999999999467,
              -3.65977492278108E-16
            ]
          ],
          "translation_cm": [
            -3.89999999999995,
            13.999999999999977,
            53.000000000000036
          ]
        }
      },
      {
        "node_id": "9097556994-M9.ipt:9",
        "file_name": "C:\\Users\\hrish\\Downloads\\Assemblies for Training ML model\\Assembly 64\\Workspaces\\9097556994-M1\\9097556994-M9.ipt",
        "component_type": "kPartDocumentObject",
        "grounded": true,
        "suppressed": false,
        "visible": true,
        "adaptive": false,
        "flexible": false,
        "dof_translation": 0,
        "dof_rotation": 0,
        "fully_constrained": false,
        "transform": {
          "rotation_matrix": [
            [
              0.99999999999999334,
              -8.121353352021443E-17,
              -1.6357163638196262E-15
            ],
            [
              1.36915280575663E-16,
              2.4351281236337454E-16,
              0.99999999999999334
            ],
            [
              1.9634222263607128E-16,
              -0.99999999999999867,
              6.7593128599104081E-17
            ]
          ],
          "translation_cm": [
            -12.000000000000004,
            1.3998368599416704E-16,
            -3.8500000000000134
          ]
        }
      },
      {
        "node_id": "9097556994-M10.ipt:10",
        "file_name": "C:\\Users\\hrish\\Downloads\\Assemblies for Training ML model\\Assembly 64\\Workspaces\\9097556994-M1\\9097556994-M10.ipt",
        "component_type": "kPartDocumentObject",
        "grounded": true,
        "suppressed": false,
        "visible": true,
        "adaptive": false,
        "flexible": false,
        "dof_translation": 0,
        "dof_rotation": 0,
        "fully_constrained": false,
        "transform": {
          "rotation_matrix": [
            [
              1.0000000000000273,
              4.6074255521943918E-15,
              -2.5211461789061089E-17
            ],
            [
              4.6074255521943925E-15,
              -1.0000000000000251,
              2.9951488409452787E-16
            ],
            [
              -2.5211461789057767E-17,
              -2.9951488409453324E-16,
              -0.99999999999999889
            ]
          ],
          "translation_cm": [
            -12.000000000000004,
            2.5810299913645949E-15,
            -12.000000000000004
          ]
        }
      },
      {
        "node_id": "9097556994-M13.ipt:11",
        "file_name": "C:\\Users\\hrish\\Downloads\\Assemblies for Training ML model\\Assembly 64\\Workspaces\\9097556994-M1\\9097556994-M13.ipt",
        "component_type": "kPartDocumentObject",
        "grounded": true,
        "suppressed": false,
        "visible": true,
        "adaptive": false,
        "flexible": false,
        "dof_translation": 0,
        "dof_rotation": 0,
        "fully_constrained": false,
        "transform": {
          "rotation_matrix": [
            [
              -1.8229993451685626E-16,
              -1.0000000000000209,
              6.4058378437274194E-16
            ],
            [
              1.0994958029889251E-31,
              6.4058378437274214E-16,
              1.0000000000000209
            ],
            [
              -1.0000000000000209,
              1.8229993451685626E-16,
              3.0898447283583269E-30
            ]
          ],
          "translation_cm": [
            -12.000000000000002,
            -11.99998571897706,
            9.6000000000000085
          ]
        }
      },
      {
        "node_id": "9097556994-M23.ipt:12",
        "file_name": "C:\\Users\\hrish\\Downloads\\Assemblies for Training ML model\\Assembly 64\\Workspaces\\9097556994-M1\\9097556994-M23.ipt",
        "component_type": "kPartDocumentObject",
        "grounded": true,
        "suppressed": false,
        "visible": true,
        "adaptive": false,
        "flexible": false,
        "dof_translation": 0,
        "dof_rotation": 0,
        "fully_constrained": false,
        "transform": {
          "rotation_matrix": [
            [
              0.707106781186548,
              0.70710678118654768,
              1.1102230246249385E-16
            ],
            [
              -0.70710678118654768,
              0.707106781186548,
              -2.4351281236338036E-16
            ],
            [
              -2.5069418386213621E-16,
              9.3684937993759947E-17,
              1.0000000000000004
            ]
          ],
          "translation_cm": [
            -7.4038059222874439,
            4.5961940777125605,
            -3.0999999999999992
          ]
        }
      },
      {
        "node_id": "9097556994-M16.ipt:13",
        "file_name": "C:\\Users\\hrish\\Downloads\\Assemblies for Training ML model\\Assembly 64\\Workspaces\\9097556994-M1\\9097556994-M16.ipt",
        "component_type": "kPartDocumentObject",
        "grounded": false,
        "suppressed": false,
        "visible": true,
        "adaptive": false,
        "flexible": false,
        "dof_translation": 0,
        "dof_rotation": 0,
        "fully_constrained": true,
        "transform": {
          "rotation_matrix": [
            [
              6.39834892370863E-18,
              -0.70710678118656267,
              -0.70710678118659587
            ],
            [
              -3.1832799695989307E-16,
              0.70710678118656278,
              -0.70710678118659176
            ],
            [
              1.0000000000000375,
              1.3848896668513184E-14,
              6.4774514460315478E-15
            ]
          ],
          "translation_cm": [
            -1.4641089603202284,
            10.535891039679754,
            -9.10000000000003
          ]
        }
      },
      {
        "node_id": "0129327034-M1.ipt:14",
        "file_name": "C:\\Users\\hrish\\Downloads\\Assemblies for Training ML model\\Assembly 64\\Workspaces\\9097556994-M1\\0129327034-M1.ipt",
        "component_type": "kPartDocumentObject",
        "grounded": false,
        "suppressed": false,
        "visible": true,
        "adaptive": false,
        "flexible": false,
        "dof_translation": 0,
        "dof_rotation": 1,
        "fully_constrained": false,
        "transform": {
          "rotation_matrix": [
            [
              -5.2661733002904642E-31,
              -0.46691152518588752,
              -0.88430403575274374
            ],
            [
              1.0,
              2.1111018318531355E-16,
              -1.1146593663278066E-16
            ],
            [
              2.3873031745875803E-16,
              -0.88430403575274374,
              0.46691152518588752
            ]
          ],
          "translation_cm": [
            -16.499999999999911,
            -11.660000000000059,
            38.75000000000005
          ]
        }
      },
      {
        "node_id": "0129327034-M1.ipt:15",
        "file_name": "C:\\Users\\hrish\\Downloads\\Assemblies for Training ML model\\Assembly 64\\Workspaces\\9097556994-M1\\0129327034-M1.ipt",
        "component_type": "kPartDocumentObject",
        "grounded": false,
        "suppressed": false,
        "visible": true,
        "adaptive": false,
        "flexible": false,
        "dof_translation": 0,
        "dof_rotation": 0,
        "fully_constrained": true,
        "transform": {
          "rotation_matrix": [
            [
              -5.2661733002904642E-31,
              -0.46691152518588752,
              -0.88430403575274374
            ],
            [
              1.0,
              2.1111018318531355E-16,
              -1.1146593663278066E-16
            ],
            [
              2.3873031745875803E-16,
              -0.88430403575274374,
              0.46691152518588752
            ]
          ],
          "translation_cm": [
            -16.499999999999918,
            -11.660000000000055,
            33.75000000000005
          ]
        }
      },
      {
        "node_id": "0129327034-M1.ipt:16",
        "file_name": "C:\\Users\\hrish\\Downloads\\Assemblies for Training ML model\\Assembly 64\\Workspaces\\9097556994-M1\\0129327034-M1.ipt",
        "component_type": "kPartDocumentObject",
        "grounded": false,
        "suppressed": false,
        "visible": true,
        "adaptive": false,
        "flexible": false,
        "dof_translation": 0,
        "dof_rotation": 0,
        "fully_constrained": true,
        "transform": {
          "rotation_matrix": [
            [
              -5.2661733002904642E-31,
              -0.46691152518588752,
              -0.88430403575274374
            ],
            [
              1.0,
              2.1111018318531355E-16,
              -1.1146593663278066E-16
            ],
            [
              2.3873031745875803E-16,
              -0.88430403575274374,
              0.46691152518588752
            ]
          ],
          "translation_cm": [
            -7.4999999999999005,
            -11.660000000000059,
            38.750000000000021
          ]
        }
      },
      {
        "node_id": "0129327034-M1.ipt:17",
        "file_name": "C:\\Users\\hrish\\Downloads\\Assemblies for Training ML model\\Assembly 64\\Workspaces\\9097556994-M1\\0129327034-M1.ipt",
        "component_type": "kPartDocumentObject",
        "grounded": false,
        "suppressed": false,
        "visible": true,
        "adaptive": false,
        "flexible": false,
        "dof_translation": 0,
        "dof_rotation": 0,
        "fully_constrained": true,
        "transform": {
          "rotation_matrix": [
            [
              -5.2661733002904642E-31,
              -0.46691152518588752,
              -0.88430403575274374
            ],
            [
              1.0,
              2.1111018318531355E-16,
              -1.1146593663278066E-16
            ],
            [
              2.3873031745875803E-16,
              -0.88430403575274374,
              0.46691152518588752
            ]
          ],
          "translation_cm": [
            -7.4999999999999165,
            -11.660000000000055,
            33.750000000000028
          ]
        }
      },
      {
        "node_id": "9096994673-M1.ipt:18",
        "file_name": "C:\\Users\\hrish\\Downloads\\Assemblies for Training ML model\\Assembly 64\\Workspaces\\9097556994-M1\\9096994673-M1.ipt",
        "component_type": "kPartDocumentObject",
        "grounded": true,
        "suppressed": false,
        "visible": true,
        "adaptive": false,
        "flexible": false,
        "dof_translation": 0,
        "dof_rotation": 0,
        "fully_constrained": false,
        "transform": {
          "rotation_matrix": [
            [
              -0.99999999999999778,
              -2.7372362540065494E-18,
              1.4488134646044789E-15
            ],
            [
              1.4022933116435532E-15,
              -2.3873031745875868E-16,
              0.999999999999996
            ],
            [
              8.854411834461172E-16,
              0.99999999999999967,
              2.4351281236337015E-16
            ]
          ],
          "translation_cm": [
            -11.99999999999995,
            -11.50000000000006,
            36.250000000000057
          ]
        }
      },
      {
        "node_id": "9096994675-M1.ipt:19",
        "file_name": "C:\\Users\\hrish\\Downloads\\Assemblies for Training ML model\\Assembly 64\\Workspaces\\9097556994-M1\\9096994675-M1.ipt",
        "component_type": "kPartDocumentObject",
        "grounded": true,
        "suppressed": false,
        "visible": true,
        "adaptive": false,
        "flexible": false,
        "dof_translation": 0,
        "dof_rotation": 0,
        "fully_constrained": false,
        "transform": {
          "rotation_matrix": [
            [
              0.99999999999999833,
              2.8878803941213338E-15,
              -3.3306690738754627E-16
            ],
            [
              1.2351723800935891E-30,
              -2.3873031745875848E-16,
              -0.99999999999999933
            ],
            [
              -2.7015426932554105E-15,
              0.99999999999999933,
              -3.2230102204518352E-16
            ]
          ],
          "translation_cm": [
            -12.153536949814653,
            -11.500000000000062,
            36.00000000000005
          ]
        }
      },
      {
        "node_id": "0611120045-M1.ipt:20",
        "file_name": "C:\\Users\\hrish\\Downloads\\Assemblies for Training ML model\\Assembly 64\\Workspaces\\9097556994-M1\\0611120045-M1.ipt",
        "component_type": "kPartDocumentObject",
        "grounded": false,
        "suppressed": false,
        "visible": true,
        "adaptive": false,
        "flexible": false,
        "dof_translation": 0,
        "dof_rotation": 1,
        "fully_constrained": false,
        "transform": {
          "rotation_matrix": [
            [
              0.99942895057676162,
              -0.033790127981960072,
              -6.1579724981765091E-15
            ],
            [
              0.033790127981959954,
              0.99942895057677017,
              6.0098007644087154E-15
            ],
            [
              -2.1601801973226815E-16,
              2.5095539683115864E-16,
              1.0
            ]
          ],
          "translation_cm": [
            -12.000000000000002,
            -1.9976502183693626E-15,
            63.59988418533311
          ]
        }
      },
      {
        "node_id": "9097556994-M18.ipt:21",
        "file_name": "C:\\Users\\hrish\\Downloads\\Assemblies for Training ML model\\Assembly 64\\Workspaces\\9097556994-M1\\9097556994-M18.ipt",
        "component_type": "kPartDocumentObject",
        "grounded": true,
        "suppressed": false,
        "visible": true,
        "adaptive": false,
        "flexible": false,
        "dof_translation": 0,
        "dof_rotation": 0,
        "fully_constrained": false,
        "transform": {
          "rotation_matrix": [
            [
              -0.49999999999999728,
              -0.70710678118654713,
              0.50000000000000211
            ],
            [
              0.49999999999999739,
              -0.70710678118654835,
              -0.50000000000000178
            ],
            [
              0.70710678118655013,
              7.6773262026480826E-16,
              0.707106781186544
            ]
          ],
          "translation_cm": [
            -5.5471845699991409,
            -6.4528154300008627,
            13.925659096597537
          ]
        }
      },
      {
        "node_id": "9097556994-M20.ipt:22",
        "file_name": "C:\\Users\\hrish\\Downloads\\Assemblies for Training ML model\\Assembly 64\\Workspaces\\9097556994-M1\\9097556994-M20.ipt",
        "component_type": "kPartDocumentObject",
        "grounded": true,
        "suppressed": false,
        "visible": true,
        "adaptive": false,
        "flexible": false,
        "dof_translation": 0,
        "dof_rotation": 0,
        "fully_constrained": false,
        "transform": {
          "rotation_matrix": [
            [
              0.99999999999999711,
              -1.3691528057566365E-16,
              2.2558510404137108E-16
            ],
            [
              1.369152805756636E-16,
              0.99999999999999711,
              -2.2744586025221622E-16
            ],
            [
              -2.2800205261888152E-16,
              2.4351281236337193E-16,
              1.0
            ]
          ],
          "translation_cm": [
            -12.000000000000005,
            -0.0049968710876336963,
            -9.4999999999999982
          ]
        }
      },
      {
        "node_id": "9097556994-M19.ipt:23",
        "file_name": "C:\\Users\\hrish\\Downloads\\Assemblies for Training ML model\\Assembly 64\\Workspaces\\9097556994-M1\\9097556994-M19.ipt",
        "component_type": "kPartDocumentObject",
        "grounded": false,
        "suppressed": false,
        "visible": true,
        "adaptive": false,
        "flexible": false,
        "dof_translation": 0,
        "dof_rotation": 0,
        "fully_constrained": true,
        "transform": {
          "rotation_matrix": [
            [
              1.0,
              3.3306690738754642E-16,
              5.1756021854348878E-33
            ],
            [
              -3.3306690738754642E-16,
              1.0,
              -2.4351281236337252E-16
            ],
            [
              -8.6281661508548177E-32,
              2.4351281236337252E-16,
              1.0
            ]
          ],
          "translation_cm": [
            -12.000000000000004,
            -1.4775176071262414E-14,
            57.400000000000048
          ]
        }
      },
      {
        "node_id": "9097556994-M19.ipt:24",
        "file_name": "C:\\Users\\hrish\\Downloads\\Assemblies for Training ML model\\Assembly 64\\Workspaces\\9097556994-M1\\9097556994-M19.ipt",
        "component_type": "kPartDocumentObject",
        "grounded": false,
        "suppressed": false,
        "visible": true,
        "adaptive": false,
        "flexible": false,
        "dof_translation": 0,
        "dof_rotation": 0,
        "fully_constrained": true,
        "transform": {
          "rotation_matrix": [
            [
              1.0,
              3.3306690738754642E-16,
              5.1756021854348988E-33
            ],
            [
              -3.3306690738754642E-16,
              1.0,
              -2.4351281236337252E-16
            ],
            [
              -8.6281661508548177E-32,
              2.4351281236337252E-16,
              1.0
            ]
          ],
          "translation_cm": [
            -12.000000000000004,
            -1.4775176071262411E-14,
            -0.59999999999995168
          ]
        }
      },
      {
        "node_id": "9097556994-M22.ipt:25",
        "file_name": "C:\\Users\\hrish\\Downloads\\Assemblies for Training ML model\\Assembly 64\\Workspaces\\9097556994-M1\\9097556994-M22.ipt",
        "component_type": "kPartDocumentObject",
        "grounded": false,
        "suppressed": false,
        "visible": true,
        "adaptive": false,
        "flexible": false,
        "dof_translation": 0,
        "dof_rotation": 0,
        "fully_constrained": true,
        "transform": {
          "rotation_matrix": [
            [
              2.5211461789061076E-17,
              -0.99999999999999778,
              5.5466110902299766E-16
            ],
            [
              -5.1072280513461283E-16,
              -1.3789824058636554E-16,
              -0.99999999999999989
            ],
            [
              0.99999999999999711,
              -2.5234429436722803E-16,
              -7.9093226600045322E-16
            ]
          ],
          "translation_cm": [
            -12.000000000000012,
            -3.0549968710876247,
            -9.5
          ]
        }
      }
    ],
    "constraint_edges": [
      {
        "constraint_name": "Mate:15",
        "constraint_type": "kMateConstraint",
        "suppressed": false,
        "health_status": "kUpToDateHealth",
        "node_one_id": "9097556994-M8.ipt:8",
        "node_two_id": "9097556994-M1.ipt:1",
        "offset_cm": 0.0,
        "solution": "kUndirectedSolutionType",
        "entity_one": {
          "entity_type": "67119520",
          "proxy_context_occurrence": "9097556994-M8.ipt:8",
          "owner_document": "C:\\Users\\hrish\\Downloads\\Assemblies for Training ML model\\Assembly 64\\Workspaces\\9097556994-M1\\9097556994-M8.ipt",
          "reference_key_string": "AQQEACgAAAAAAAAAAgAAAAEAAAADAAAABAAAAAYAAAAJAAAABgAAAAoAAAAGAAAA",
          "context_key_string": "nsIrpNQR6AFgAC2z7in7sAQAAB5AAADIMgIotS/9IIFFAwBkBQABAADtN0PA0xEdDmAAALgylIewAAABAQAAsS28CdARH+wACNywOz6oCQIBAACyBAAAAFQAZQBzAHQAnsHyYvVCO3+tGKqh0HCb5AD/////AAAAAAAABgBICM1Q4SAAYOo/XxjmxA==",
          "surface_type": "kCylinderSurface",
          "area_cm2": 110.30107324096036,
          "face_normal_at_center": [
            -1.0,
            0.0,
            0.0
          ],
          "face_point_at_center": [
            -2.415,
            0.0,
            6.9151500000000015
          ],
          "face_bbox_min": [
            -2.415,
            -2.4239236443693688,
            0.83029999999999959
          ],
          "face_bbox_max": [
            2.4154429603340395,
            2.4239236443693688,
            13.000442960334039
          ],
          "radius_cm": 2.415,
          "axis": [
            0.0,
            0.0,
            1.0
          ],
          "loops": [
            {
              "is_outer": true,
              "edge_reference_keys": [
                "AQQBABAAAAAAAAAAAgAAAAQAAAAGAAAA"
              ]
            },
            {
              "is_outer": true,
              "edge_reference_keys": [
                "AQQBABAAAAAAAAAAAgAAAAkAAAAGAAAA",
                "AQQBABAAAAAAAAAAAgAAAAoAAAAGAAAA"
              ]
            }
          ]
        },
        "entity_two": {
          "entity_type": "67119520",
          "proxy_context_occurrence": "9097556994-M1.ipt:1",
          "owner_document": "C:\\Users\\hrish\\Downloads\\Assemblies for Training ML model\\Assembly 64\\Workspaces\\9097556994-M1\\9097556994-M1.ipt",
          "reference_key_string": "AQQEACgAAAAAAAAAAgAAAAEAAAADAAAABgAAAAYAAAAHAAAABgAAAAoAAAAGAAAA",
          "context_key_string": "nsIrpNQR6AFgAC2z7in7sAQAAB5AAADIMgIotS/9IIFFAwBkBQABAADtN0PA0xEdDmAAALgylIewAAABAQAAsS28CdARH+wACNywOz6oCQIBAACyBAAAAFQAZQBzAHQAc+tPZFJEQwGNjmKdkc4FOQD/////AAAAAAAABgBICM1Q4SAAYOo/XxjmxA==",
          "surface_type": "kCylinderSurface",
          "area_cm2": 10.630787732833296,
          "face_normal_at_center": [
            0.0,
            0.0,
            1.0
          ],
          "face_point_at_center": [
            4.5913172129575184,
            -8.1000000000000014,
            50.585
          ],
          "face_bbox_min": [
            -0.00045125181392954573,
            -10.515500368824647,
            50.576174482848749
          ],
          "face_bbox_max": [
            9.1831347947396864,
            -5.6844996311753544,
            55.423825517151244
          ],
          "radius_cm": 2.415,
          "axis": [
            1.0,
            0.0,
            0.0
          ],
          "loops": [
            {
              "is_outer": true,
              "edge_reference_keys": [
                "AQQBABAAAAAAAAAAAgAAAAYAAAAGAAAA",
                "AQQBABAAAAAAAAAAAgAAAAcAAAAGAAAA"
              ]
            },
            {
              "is_outer": true,
              "edge_reference_keys": [
                "AQQBABAAAAAAAAAAAgAAAAoAAAAGAAAA"
              ]
            }
          ]
        }
      },
      {
        "constraint_name": "Flush:3",
        "constraint_type": "kFlushConstraint",
        "suppressed": true,
        "health_status": "kSuppressedHealth",
        "node_one_id": "9097556994-M7.ipt:7",
        "node_two_id": "9097556994-M1.ipt:1",
        "offset_cm": -13.668000000000001,
        "entity_one": {
          "entity_type": "67119520",
          "proxy_context_occurrence": "9097556994-M7.ipt:7",
          "owner_document": "C:\\Users\\hrish\\Downloads\\Assemblies for Training ML model\\Assembly 64\\Workspaces\\9097556994-M1\\9097556994-M7.ipt",
          "reference_key_string": "AQQMAGgAAAAAAAAAAgAAAAEAAAADAAAABAAAAAYAAAAHAAAABgAAAAoAAAAGAAAADgAAAAYAAAARAAAABgAAABQAAAAGAAAAFwAAAAYAAAAaAAAABgAAAB0AAAAGAAAAIAAAAAYAAAAiAAAABgAAAA==",
          "context_key_string": "nsIrpNQR6AFgAC2z7in7sAQAAB5AAADIMgIotS/9IIFFAwBkBQABAADtN0PA0xEdDmAAALgylIewAAABAQAAsS28CdARH+wACNywOz6oCQIBAACyBAAAAFQAZQBzAHQACPTQQfBKD3CPRO6CXIh1zgD/////AAAAAAAABgBICM1Q4SAAYOo/XxjmxA==",
          "surface_type": "kPlaneSurface",
          "area_cm2": 26.07320799102531,
          "face_normal_at_center": [
            0.0,
            0.0,
            -1.0
          ],
          "face_point_at_center": [
            4.4408920985006262E-16,
            1.4657508720404353E-16,
            0.0
          ],
          "face_bbox_min": [
            -3.0000000000000004,
            -4.75,
            0.0
          ],
          "face_bbox_max": [
            2.9999999999999996,
            4.75,
            0.0
          ],
          "loops": [
            {
              "is_outer": false,
              "edge_reference_keys": [
                "AQQBABAAAAAAAAAAAgAAAAQAAAAGAAAA"
              ]
            },
            {
              "is_outer": false,
              "edge_reference_keys": [
                "AQQBABAAAAAAAAAAAgAAAAcAAAAGAAAA"
              ]
            },
            {
              "is_outer": false,
              "edge_reference_keys": [
                "AQQBABAAAAAAAAAAAgAAAAoAAAAGAAAA"
              ]
            },
            {
              "is_outer": true,
              "edge_reference_keys": [
                "AQQBABAAAAAAAAAAAgAAAA4AAAAGAAAA",
                "AQQBABAAAAAAAAAAAgAAABEAAAAGAAAA",
                "AQQBABAAAAAAAAAAAgAAABQAAAAGAAAA",
                "AQQBABAAAAAAAAAAAgAAABcAAAAGAAAA",
                "AQQBABAAAAAAAAAAAgAAABoAAAAGAAAA",
                "AQQBABAAAAAAAAAAAgAAAB0AAAAGAAAA",
                "AQQBABAAAAAAAAAAAgAAACAAAAAGAAAA",
                "AQQBABAAAAAAAAAAAgAAACIAAAAGAAAA"
              ]
            }
          ]
        },
        "entity_two": {
          "entity_type": "83887776",
          "proxy_context_occurrence": "9097556994-M1.ipt:1",
          "owner_document": "C:\\Users\\hrish\\Downloads\\Assemblies for Training ML model\\Assembly 64\\Workspaces\\9097556994-M1\\9097556994-M1.ipt",
          "reference_key_string": "EAIAABAAAADmewAAAAAAAIAAAAAAAAAA",
          "context_key_string": "nsIrpNQR6AFgAC2z7in7sAQAAB5AAADIMgIotS/9IIFFAwBkBQABAADtN0PA0xEdDmAAALgylIewAAABAQAAsS28CdARH+wACNywOz6oCQIBAACyBAAAAFQAZQBzAHQAc+tPZFJEQwGNjmKdkc4FOQD/////AAAAAAAABgBICM1Q4SAAYOo/XxjmxA==",
          "surface_type": "kPlaneSurface",
          "area_cm2": 0.0001,
          "face_normal_at_center": [
            1.0,
            0.0,
            0.0
          ],
          "face_point_at_center": [
            0.0,
            0.0,
            0.0
          ],
          "work_feature_name": "Work Plane24"
        }
      },
      {
        "constraint_name": "Flush:21",
        "constraint_type": "kFlushConstraint",
        "suppressed": false,
        "health_status": "kUpToDateHealth",
        "node_one_id": "9097556994-M1.ipt:1",
        "offset_cm": 0.0,
        "entity_one": {
          "entity_type": "83887776",
          "proxy_context_occurrence": "9097556994-M1.ipt:1",
          "owner_document": "C:\\Users\\hrish\\Downloads\\Assemblies for Training ML model\\Assembly 64\\Workspaces\\9097556994-M1\\9097556994-M1.ipt",
          "reference_key_string": "EAIAABAAAAAJAAAAAAAAAIAAAAAAAAAA",
          "context_key_string": "nsIrpNQR6AFgAC2z7in7sAQAAB5AAADIMgIotS/9IIFFAwBkBQABAADtN0PA0xEdDmAAALgylIewAAABAQAAsS28CdARH+wACNywOz6oCQIBAACyBAAAAFQAZQBzAHQAc+tPZFJEQwGNjmKdkc4FOQD/////AAAAAAAABgBICM1Q4SAAYOo/XxjmxA==",
          "surface_type": "kPlaneSurface",
          "area_cm2": 0.0001,
          "face_normal_at_center": [
            1.0,
            0.0,
            0.0
          ],
          "face_point_at_center": [
            0.0,
            0.0,
            0.0
          ],
          "work_feature_name": "YZ Plane"
        },
        "entity_two": {
          "entity_type": "83887616"
        }
      },
      {
        "constraint_name": "Flush:23",
        "constraint_type": "kFlushConstraint",
        "suppressed": false,
        "health_status": "kUpToDateHealth",
        "node_one_id": "9097556994-M1.ipt:1",
        "offset_cm": 0.0,
        "entity_one": {
          "entity_type": "83887776",
          "proxy_context_occurrence": "9097556994-M1.ipt:1",
          "owner_document": "C:\\Users\\hrish\\Downloads\\Assemblies for Training ML model\\Assembly 64\\Workspaces\\9097556994-M1\\9097556994-M1.ipt",
          "reference_key_string": "EAIAABAAAAALAAAAAAAAAIAAAAAAAAAA",
          "context_key_string": "nsIrpNQR6AFgAC2z7in7sAQAAB5AAADIMgIotS/9IIFFAwBkBQABAADtN0PA0xEdDmAAALgylIewAAABAQAAsS28CdARH+wACNywOz6oCQIBAACyBAAAAFQAZQBzAHQAc+tPZFJEQwGNjmKdkc4FOQD/////AAAAAAAABgBICM1Q4SAAYOo/XxjmxA==",
          "surface_type": "kPlaneSurface",
          "area_cm2": 0.0001,
          "face_normal_at_center": [
            0.0,
            0.0,
            1.0
          ],
          "face_point_at_center": [
            0.0,
            0.0,
            0.0
          ],
          "work_feature_name": "XY Plane"
        },
        "entity_two": {
          "entity_type": "83887616"
        }
      },
      {
        "constraint_name": "Mate:69",
        "constraint_type": "kMateConstraint",
        "suppressed": false,
        "health_status": "kUpToDateHealth",
        "node_one_id": "9097556994-M1.ipt:1",
        "node_two_id": "9096994673-M1.ipt:18",
        "offset_cm": -11.5,
        "solution": "kNoSolutionType",
        "entity_one": {
          "entity_type": "83887776",
          "proxy_context_occurrence": "9097556994-M1.ipt:1",
          "owner_document": "C:\\Users\\hrish\\Downloads\\Assemblies for Training ML model\\Assembly 64\\Workspaces\\9097556994-M1\\9097556994-M1.ipt",
          "reference_key_string": "EAIAABAAAAAJAAAAAAAAAIAAAAAAAAAA",
