{
  "assembly_metadata": {
    "assembly_name": "9097512440.iam",
    "full_file_name": "C:\\Users\\hrish\\Downloads\\Assemblies for Training ML model\\Assembly 56\\Workspaces\\9097512440\\9097512440.iam",
    "internal_name": "{13D7C4A1-44FA-E5D6-AFE8-EC8A3C9E75AF}",
    "total_occurrences": 33,
    "total_constraints": 92
  },
  "physics": {
    "mass_kg": 112.47335526631849,
    "center_of_mass": [
      -7.6703047150133186,
      -0.09517684730491513,
      54.359105364687849
    ],
    "inertia_tensor": [
      112159.1787677676,
      111642.76201669496,
      50666.300459105951,
      -656.77427400548709,
      691.19527543722768,
      870.21473385642469
    ]
  },
  "assembly_graph": {
    "nodes": [
      {
        "node_id": "9097512440-P2.ipt:2",
        "file_name": "C:\\Users\\hrish\\Downloads\\Assemblies for Training ML model\\Assembly 56\\Workspaces\\9097512440\\9097512440-P2.ipt",
        "component_type": "kPartDocumentObject",
        "grounded": true,
        "suppressed": false,
        "visible": true,
        "adaptive": true,
        "flexible": false,
        "dof_translation": 0,
        "dof_rotation": 0,
        "fully_constrained": false,
        "transform": {
          "rotation_matrix": [
            [
              -1.0000000000000389,
              1.9685117573550562E-17,
              1.2246063538223967E-16
            ],
            [
              -2.6998104615966014E-14,
              -1.0000000000000366,
              1.0486541060645216E-16
            ],
            [
              -1.8289770722004616E-17,
              2.0973082121296506E-16,
              1.00000000000003
            ]
          ],
          "translation_cm": [
            -7.6250000000002736,
            -9.1571195071082911E-13,
            10.100000000000016
          ]
        }
      },
      {
        "node_id": "9097512440-P3.ipt:3",
        "file_name": "C:\\Users\\hrish\\Downloads\\Assemblies for Training ML model\\Assembly 56\\Workspaces\\9097512440\\9097512440-P3.ipt",
        "component_type": "kPartDocumentObject",
        "grounded": false,
        "suppressed": false,
        "visible": true,
        "adaptive": false,
        "flexible": false,
        "dof_translation": 0,
        "dof_rotation": 0,
        "fully_constrained": true,
        "transform": {
          "rotation_matrix": [
            [
              -0.70710678118655934,
              -0.7071067811865247,
              -1.8289770722003904E-17
            ],
            [
              0.70710678118652148,
              -0.70710678118655845,
              2.0973082121293508E-16
            ],
            [
              -1.6123490680738048E-16,
              1.353692649996282E-16,
              1.0
            ]
          ],
          "translation_cm": [
            -7.6250000000002673,
            -9.0718577147865657E-13,
            68.7500000000018
          ]
        }
      },
      {
        "node_id": "9097512440-P7.ipt:5",
        "file_name": "C:\\Users\\hrish\\Downloads\\Assemblies for Training ML model\\Assembly 56\\Workspaces\\9097512440\\9097512440-P7.ipt",
        "component_type": "kPartDocumentObject",
        "grounded": false,
        "suppressed": false,
        "visible": true,
        "adaptive": false,
        "flexible": false,
        "dof_translation": 0,
        "dof_rotation": 0,
        "fully_constrained": true,
        "transform": {
          "rotation_matrix": [
            [
              -1.0000000000000007,
              1.2246063538223607E-16,
              -1.9685117573555998E-17
            ],
            [
              8.0704580420462516E-18,
              -7.7037197775296756E-34,
              0.99999999999999922
            ],
            [
              1.2246063538223546E-16,
              1.0000000000000007,
              -3.8662832398784524E-18
            ]
          ],
          "translation_cm": [
            -28.975000000000282,
            -22.399999999999995,
            63.750000000001812
          ]
        }
      },
      {
        "node_id": "9097512440-P8.ipt:6",
        "file_name": "C:\\Users\\hrish\\Downloads\\Assemblies for Training ML model\\Assembly 56\\Workspaces\\9097512440\\9097512440-P8.ipt",
        "component_type": "kPartDocumentObject",
        "grounded": false,
        "suppressed": false,
        "visible": true,
        "adaptive": false,
        "flexible": false,
        "dof_translation": 0,
        "dof_rotation": 0,
        "fully_constrained": true,
        "transform": {
          "rotation_matrix": [
            [
              0.49999999999998895,
              -0.86602540378442294,
              1.1923561263929635E-15
            ],
            [
              -5.6190134632228576E-16,
              9.7324168067155818E-16,
              0.99999999999999711
            ],
            [
              -0.86602540378441828,
              -0.49999999999999062,
              4.5074010266444948E-16
            ]
          ],
          "translation_cm": [
            -28.975000000000314,
            -23.4,
            63.75000000000184
          ]
        }
      },
      {
        "node_id": "9097512440-P9.ipt:7",
        "file_name": "C:\\Users\\hrish\\Downloads\\Assemblies for Training ML model\\Assembly 56\\Workspaces\\9097512440\\9097512440-P9.ipt",
        "component_type": "kPartDocumentObject",
        "grounded": false,
        "suppressed": false,
        "visible": true,
        "adaptive": false,
        "flexible": false,
        "dof_translation": 0,
        "dof_rotation": 0,
        "fully_constrained": true,
        "transform": {
          "rotation_matrix": [
            [
              -0.86602540378450132,
              -0.35355339059269214,
              0.353553390593843
            ],
            [
              0.4999999999999315,
              -0.61237243569616162,
              0.6123724356954936
            ],
            [
              9.1907331514945661E-13,
              0.70710678118654224,
              0.70710678118656223
            ]
          ],
          "translation_cm": [
            3.8067344485797485,
            19.80034488357532,
            13.813468897159236
          ]
        }
      },
      {
        "node_id": "9097512440-P10.ipt:8",
        "file_name": "C:\\Users\\hrish\\Downloads\\Assemblies for Training ML model\\Assembly 56\\Workspaces\\9097512440\\9097512440-P10.ipt",
        "component_type": "kPartDocumentObject",
        "grounded": false,
        "suppressed": false,
        "visible": true,
        "adaptive": false,
        "flexible": false,
        "dof_translation": 0,
        "dof_rotation": 0,
        "fully_constrained": true,
        "transform": {
          "rotation_matrix": [
            [
              1.0000000000000162,
              -1.2246063538223738E-16,
              -1.9685117573651798E-17
            ],
            [
              1.9466414062677478E-16,
              5.74651046420856E-16,
              1.0000000000000289
            ],
            [
              -1.8080318058694107E-14,
              -1.0000000000000235,
              -2.0973082121281133E-16
            ]
          ],
          "translation_cm": [
            -7.6250000000067981,
            23.999999999999794,
            7.1500000000000394
          ]
        }
      },
      {
        "node_id": "9097512440-P11.ipt:9",
        "file_name": "C:\\Users\\hrish\\Downloads\\Assemblies for Training ML model\\Assembly 56\\Workspaces\\9097512440\\9097512440-P11.ipt",
        "component_type": "kPartDocumentObject",
        "grounded": false,
        "suppressed": false,
        "visible": true,
        "adaptive": false,
        "flexible": false,
        "dof_translation": 0,
        "dof_rotation": 0,
        "fully_constrained": true,
        "transform": {
          "rotation_matrix": [
            [
              -0.70710678118655135,
              4.2931942257247221E-16,
              0.70710678118655046
            ],
            [
              2.294236320447622E-16,
              1.0000000000000047,
              -3.777257179482216E-16
            ],
            [
              -0.70710678118655046,
              -1.0486541060602621E-16,
              -0.70710678118655135
            ]
          ],
          "translation_cm": [
            6.55012626585633,
            -5.342502116740028E-13,
            -3.0751262658444847
          ]
        }
      },
      {
        "node_id": "9097512440-P12.ipt:10",
        "file_name": "C:\\Users\\hrish\\Downloads\\Assemblies for Training ML model\\Assembly 56\\Workspaces\\9097512440\\9097512440-P12.ipt",
        "component_type": "kPartDocumentObject",
        "grounded": false,
        "suppressed": false,
        "visible": true,
        "adaptive": false,
        "flexible": false,
        "dof_translation": 0,
        "dof_rotation": 0,
        "fully_constrained": true,
        "transform": {
          "rotation_matrix": [
            [
              0.99999999999999734,
              2.6946062911685589E-14,
              -1.2246082211139753E-16
            ],
            [
              2.6998104615964893E-14,
              -0.99999999999999689,
              -2.273300905211844E-16
            ],
            [
              -1.1782882894308534E-16,
              3.0235883900547932E-16,
              -1.0
            ]
          ],
          "translation_cm": [
            -7.6250000000061569,
            -9.1720697017675625E-13,
            -4.9853682069986363
          ]
        }
      },
      {
        "node_id": "9097512440-P13.ipt:11",
        "file_name": "C:\\Users\\hrish\\Downloads\\Assemblies for Training ML model\\Assembly 56\\Workspaces\\9097512440\\9097512440-P13.ipt",
        "component_type": "kPartDocumentObject",
        "grounded": false,
        "suppressed": false,
        "visible": true,
        "adaptive": false,
        "flexible": false,
        "dof_translation": 0,
        "dof_rotation": 0,
        "fully_constrained": true,
        "transform": {
          "rotation_matrix": [
            [
              -2.6943725028871768E-14,
              1.0,
              -1.2246082211137943E-16
            ],
            [
              1.0000000000000031,
              2.6778926298653971E-14,
              -9.1837476550370869E-16
            ],
            [
              -9.738859167349677E-16,
              -1.5987216690408868E-16,
              -1.0000000000000049
            ]
          ],
          "translation_cm": [
            -7.7750000000066013,
            16.499999999999027,
            -3.7103682069986252
          ]
        }
      },
      {
        "node_id": "9097512440-P14.ipt:12",
        "file_name": "C:\\Users\\hrish\\Downloads\\Assemblies for Training ML model\\Assembly 56\\Workspaces\\9097512440\\9097512440-P14.ipt",
        "component_type": "kPartDocumentObject",
        "grounded": false,
        "suppressed": false,
        "visible": true,
        "adaptive": false,
        "flexible": false,
        "dof_translation": 0,
        "dof_rotation": 0,
        "fully_constrained": true,
        "transform": {
          "rotation_matrix": [
            [
              0.49999999999998063,
              1.0892348849253484E-12,
              0.86602540378448967
            ],
            [
              0.86602540378447068,
              4.4471371782515707E-15,
              -0.49999999999999845
            ],
            [
              -5.4392509109152288E-13,
              1.0000000000000711,
              -9.41686431639656E-13
            ]
          ],
          "translation_cm": [
            18.777168836184984,
            46.129897854300118,
            6.2409710628589679
          ]
        }
      },
      {
        "node_id": "9096994673-M1.ipt:14",
        "file_name": "C:\\Users\\hrish\\Downloads\\Assemblies for Training ML model\\Assembly 56\\Workspaces\\9097512440\\9096994673-M1.ipt",
        "component_type": "kPartDocumentObject",
        "grounded": false,
        "suppressed": false,
        "visible": true,
        "adaptive": false,
        "flexible": false,
        "dof_translation": 0,
        "dof_rotation": 0,
        "fully_constrained": true,
        "transform": {
          "rotation_matrix": [
            [
              -1.0000000000000004,
              -1.2246063538223622E-16,
              -6.38378239159465E-16
            ],
            [
              -1.5550759715358964E-32,
              2.0800524079821503E-46,
              -0.99999999999999811
            ],
            [
              -6.0198782418811229E-16,
              -1.0000000000000013,
              1.8129273270341287E-16
            ]
          ],
          "translation_cm": [
            -7.6250000000002487,
            26.799999999999951,
            60.000000000001791
          ]
        }
      },
      {
        "node_id": "9096994675-M1.ipt:15",
        "file_name": "C:\\Users\\hrish\\Downloads\\Assemblies for Training ML model\\Assembly 56\\Workspaces\\9097512440\\9096994675-M1.ipt",
        "component_type": "kPartDocumentObject",
        "grounded": false,
        "suppressed": false,
        "visible": true,
        "adaptive": false,
        "flexible": false,
        "dof_translation": 0,
        "dof_rotation": 0,
        "fully_constrained": true,
        "transform": {
          "rotation_matrix": [
            [
              -1.0000000000000004,
              -1.4169590212858009E-16,
              -5.5511151231256132E-17
            ],
            [
              -4.8704163893418947E-31,
              2.627434620609032E-46,
              -1.0000000000000002
            ],
            [
              4.1925165828486755E-16,
              -0.99999999999999978,
              -2.4003522867585263E-17
            ]
          ],
          "translation_cm": [
            -7.4714630501855419,
            26.879999999999956,
            60.250000000001783
          ]
        }
      },
      {
        "node_id": "0129327034-M1.ipt:16",
        "file_name": "C:\\Users\\hrish\\Downloads\\Assemblies for Training ML model\\Assembly 56\\Workspaces\\9097512440\\0129327034-M1.ipt",
        "component_type": "kPartDocumentObject",
        "grounded": false,
        "suppressed": false,
        "visible": true,
        "adaptive": false,
        "flexible": false,
        "dof_translation": 0,
        "dof_rotation": 0,
        "fully_constrained": true,
        "transform": {
          "rotation_matrix": [
            [
              -4.8687508994109314E-31,
              -1.0,
              -6.2576535388623247E-17
            ],
            [
              1.0,
              -4.8687508994109314E-31,
              -3.0466956295537925E-47
            ],
            [
              1.8504962422936696E-61,
              -6.2576535388623247E-17,
              1.0
            ]
          ],
          "translation_cm": [
            -3.1250000000002549,
            26.879999999999949,
            62.5000000000018
          ]
        }
      },
      {
        "node_id": "0129327034-M1.ipt:17",
        "file_name": "C:\\Users\\hrish\\Downloads\\Assemblies for Training ML model\\Assembly 56\\Workspaces\\9097512440\\0129327034-M1.ipt",
        "component_type": "kPartDocumentObject",
        "grounded": false,
        "suppressed": false,
        "visible": true,
        "adaptive": false,
        "flexible": false,
        "dof_translation": 0,
        "dof_rotation": 0,
        "fully_constrained": true,
        "transform": {
          "rotation_matrix": [
            [
              -4.8687508994109314E-31,
              -1.0,
              -6.2576535388623247E-17
            ],
            [
              1.0,
              -4.8687508994109314E-31,
              -3.0466956295537925E-47
            ],
            [
              2.038888306369544E-61,
              -6.2576535388623247E-17,
              1.0
            ]
          ],
          "translation_cm": [
            -12.125000000000256,
            26.879999999999949,
            62.500000000001791
          ]
        }
      },
      {
        "node_id": "0129327034-M1.ipt:18",
        "file_name": "C:\\Users\\hrish\\Downloads\\Assemblies for Training ML model\\Assembly 56\\Workspaces\\9097512440\\0129327034-M1.ipt",
        "component_type": "kPartDocumentObject",
        "grounded": false,
        "suppressed": false,
        "visible": true,
        "adaptive": false,
        "flexible": false,
        "dof_translation": 0,
        "dof_rotation": 0,
        "fully_constrained": true,
        "transform": {
          "rotation_matrix": [
            [
              -2.8391062604383623E-16,
              -6.2576535388623247E-17,
              1.0
            ],
            [
              1.0,
              -1.7766143337838314E-32,
              2.8391062604383623E-16
            ],
            [
              -7.7524507643464332E-33,
              1.0,
              6.2576535388623247E-17
            ]
          ],
          "translation_cm": [
            -3.1250000000002607,
            26.879999999999949,
            57.5000000000018
          ]
        }
      },
      {
        "node_id": "0129327034-M1.ipt:19",
        "file_name": "C:\\Users\\hrish\\Downloads\\Assemblies for Training ML model\\Assembly 56\\Workspaces\\9097512440\\0129327034-M1.ipt",
        "component_type": "kPartDocumentObject",
        "grounded": false,
        "suppressed": false,
        "visible": true,
        "adaptive": false,
        "flexible": false,
        "dof_translation": 0,
        "dof_rotation": 0,
        "fully_constrained": true,
        "transform": {
          "rotation_matrix": [
            [
              -4.8687508994109314E-31,
              -1.0,
              -6.2576535388623247E-17
            ],
            [
              1.0,
              -4.8687508994109314E-31,
              -3.0466956295537925E-47
            ],
            [
              1.6499498515032226E-61,
              -6.2576535388623247E-17,
              1.0
            ]
          ],
          "translation_cm": [
            -12.125000000000256,
            26.879999999999949,
            57.500000000001791
          ]
        }
      },
      {
        "node_id": "9097512440-P15:1",
        "file_name": "C:\\Users\\hrish\\Downloads\\Assemblies for Training ML model\\Assembly 56\\Workspaces\\9097512440\\9097512440-P15.ipt",
        "component_type": "kPartDocumentObject",
        "grounded": false,
        "suppressed": false,
        "visible": true,
        "adaptive": false,
        "flexible": false,
        "dof_translation": 0,
        "dof_rotation": 0,
        "fully_constrained": true,
        "transform": {
          "rotation_matrix": [
            [
              0.70710678118659775,
              -9.923020270415312E-16,
              0.70710678118669668
            ],
            [
              0.70710678118661519,
              -1.0098972518173464E-15,
              -0.70710678118667536
            ],
            [
              -1.349319176453391E-16,
              0.9999999999999899,
              1.317031771705193E-15
            ]
          ],
          "translation_cm": [
            -22.898506473630519,
            15.273506473628585,
            0.25000000000251177
          ]
        }
      },
      {
        "node_id": "9097512440-P16:1",
        "file_name": "C:\\Users\\hrish\\Downloads\\Assemblies for Training ML model\\Assembly 56\\Workspaces\\9097512440\\9097512440-P16.ipt",
        "component_type": "kPartDocumentObject",
        "grounded": false,
        "suppressed": false,
        "visible": true,
        "adaptive": false,
        "flexible": false,
        "dof_translation": 0,
        "dof_rotation": 0,
        "fully_constrained": true,
        "transform": {
          "rotation_matrix": [
            [
              0.707106781186503,
              -3.143779317029002E-15,
              -0.7071067811864572
            ],
            [
              -0.70710678118646486,
              -1.9119561423376496E-15,
              -0.70710678118650061
            ],
            [
              7.9061255182363182E-16,
              0.99999999999998768,
              6.6222583223506844E-16
            ]
          ],
          "translation_cm": [
            7.6485064736288351,
            15.273506473628961,
            0.250000000002498
          ]
        }
      },
      {
        "node_id": "9097512440-P17:1",
        "file_name": "C:\\Users\\hrish\\Downloads\\Assemblies for Training ML model\\Assembly 56\\Workspaces\\9097512440\\9097512440-P17.ipt",
        "component_type": "kPartDocumentObject",
        "grounded": false,
        "suppressed": false,
        "visible": true,
        "adaptive": false,
        "flexible": false,
        "dof_translation": 0,
        "dof_rotation": 0,
        "fully_constrained": true,
        "transform": {
          "rotation_matrix": [
            [
              -0.81915204428897781,
              8.7309107534919387E-16,
              -0.57357643635106381
            ],
            [
              -0.57357643635106637,
              4.3497269911888539E-15,
              0.81915204428897037
            ],
            [
              5.87270761735704E-16,
              0.99999999999999523,
              -9.6435742557306251E-16
            ]
          ],
          "translation_cm": [
            4.7642510251827792,
            -17.693684156642778,
            0.25000000000260592
          ]
        }
      },
      {
        "node_id": "9097512440-P18:1",
        "file_name": "C:\\Users\\hrish\\Downloads\\Assemblies for Training ML model\\Assembly 56\\Workspaces\\9097512440\\9097512440-P18.ipt",
        "component_type": "kPartDocumentObject",
        "grounded": false,
        "suppressed": false,
        "visible": true,
        "adaptive": false,
        "flexible": false,
        "dof_translation": 0,
        "dof_rotation": 0,
        "fully_constrained": true,
        "transform": {
          "rotation_matrix": [
            [
              -0.8191520442890049,
              3.9211887588615739E-15,
              0.57357643635101874
            ],
            [
              0.57357643635102318,
              8.8790598979814558E-16,
              0.81915204428899935
            ],
            [
              -6.4266101248330769E-16,
              0.99999999999999367,
              -9.24960286627672E-16
            ]
          ],
          "translation_cm": [
            -20.014251025182347,
            -17.693684156643389,
            0.25000000000258948
          ]
        }
      },
      {
        "node_id": "9097512440-P4:1",
        "file_name": "C:\\Users\\hrish\\Downloads\\Assemblies for Training ML model\\Assembly 56\\Workspaces\\9097512440\\9097512440-P4.ipt",
        "component_type": "kPartDocumentObject",
        "grounded": false,
        "suppressed": false,
        "visible": true,
        "adaptive": false,
        "flexible": false,
        "dof_translation": 0,
        "dof_rotation": 0,
        "fully_constrained": true,
        "transform": {
          "rotation_matrix": [
            [
              -1.0000000000000016,
              6.7869034914503711E-16,
              -2.7141483505133351E-14
            ],
            [
              -2.70027056270407E-14,
              9.946212332761883E-17,
              1.0000000000000013
            ],
            [
              -1.8289770722003932E-17,
              1.0000000000000007,
              -2.0973082121280221E-16
            ]
          ],
          "translation_cm": [
            -7.625000000006156,
            -9.172879951846152E-13,
            -5.7999999999732115
          ]
        }
      },
      {
        "node_id": "1649800102-M1:1",
        "file_name": "C:\\Users\\hrish\\Downloads\\Assemblies for Training ML model\\Assembly 56\\Workspaces\\9097512440\\1649800102-M1.ipt",
        "component_type": "kPartDocumentObject",
        "grounded": false,
        "suppressed": false,
        "visible": true,
        "adaptive": false,
        "flexible": false,
        "dof_translation": 0,
        "dof_rotation": 0,
        "fully_constrained": true,
        "transform": {
          "rotation_matrix": [
            [
              0.95105651629514421,
              -1.8289770722008289E-17,
              0.30901699437497065
            ],
            [
              0.30901699437497065,
              2.0973082121295589E-16,
              -0.95105651629514421
            ],
            [
              -4.7415782372311692E-17,
              1.0,
              2.0511771415883753E-16
            ]
          ],
          "translation_cm": [
            -7.6250000000002576,
            -1.1178419301316463E-12,
            73.2500000000018
          ]
        }
      },
      {
        "node_id": "0147110792-M1:1",
        "file_name": "C:\\Users\\hrish\\Downloads\\Assemblies for Training ML model\\Assembly 56\\Workspaces\\9097512440\\0147110792-M1.ipt",
        "component_type": "kPartDocumentObject",
        "grounded": false,
        "suppressed": false,
        "visible": true,
        "adaptive": false,
        "flexible": false,
        "dof_translation": 0,
        "dof_rotation": 0,
        "fully_constrained": true,
        "transform": {
          "rotation_matrix": [
            [
              -0.99452189536827473,
              -0.10452846326765516,
              1.9869047380379723E-17
            ],
            [
              -0.10452846326765516,
              0.99452189536827473,
              -2.0973082121295835E-16
            ],
            [
              2.1626377813567141E-18,
              -2.1065877481911827E-16,
              -1.0
            ]
          ],
          "translation_cm": [
            -26.030136622030625,
            13.372114489652152,
            77.3500000000018
          ]
        }
      },
      {
        "node_id": "0147110792-M1:2",
        "file_name": "C:\\Users\\hrish\\Downloads\\Assemblies for Training ML model\\Assembly 56\\Workspaces\\9097512440\\0147110792-M1.ipt",
        "component_type": "kPartDocumentObject",
        "grounded": false,
        "suppressed": false,
        "visible": true,
        "adaptive": false,
        "flexible": false,
        "dof_translation": 0,
        "dof_rotation": 0,
        "fully_constrained": true,
        "transform": {
          "rotation_matrix": [
            [
              -0.74314482547739524,
              -0.66913060635885935,
              1.9567432377451894E-17
            ],
            [
              -0.66913060635885935,
              0.74314482547739524,
              -2.0880254568387742E-16
            ],
            [
              1.2517473788354425E-16,
              -1.6826369926309022E-16,
              -1.0
            ]
          ],
          "translation_cm": [
            -30.375000000000192,
            -1.7124079931818414E-12,
            77.3500000000018
          ]
        }
      },
      {
        "node_id": "0147110792-M1:3",
        "file_name": "C:\\Users\\hrish\\Downloads\\Assemblies for Training ML model\\Assembly 56\\Workspaces\\9097512440\\0147110792-M1.ipt",
        "component_type": "kPartDocumentObject",
        "grounded": false,
        "suppressed": false,
        "visible": true,
        "adaptive": false,
        "flexible": false,
        "dof_translation": 0,
        "dof_rotation": 0,
        "fully_constrained": true,
        "transform": {
          "rotation_matrix": [
            [
              -0.20791169081775931,
              -0.97814760073380724,
              1.8777794048267079E-17
            ],
            [
              -0.97814760073380724,
              0.20791169081775931,
              -2.0822883985597976E-16
            ],
            [
              1.9977441719830797E-16,
              -6.1660664366862053E-17,
              -1.0
            ]
          ],
          "translation_cm": [
            -26.030136622029907,
            -13.372114489655335,
            77.350000000001813
          ]
        }
      },
      {
        "node_id": "0147110792-M1:4",
        "file_name": "C:\\Users\\hrish\\Downloads\\Assemblies for Training ML model\\Assembly 56\\Workspaces\\9097512440\\0147110792-M1.ipt",
        "component_type": "kPartDocumentObject",
        "grounded": false,
        "suppressed": false,
        "visible": true,
        "adaptive": false,
        "flexible": false,
        "dof_translation": 0,
        "dof_rotation": 0,
        "fully_constrained": true,
        "transform": {
          "rotation_matrix": [
            [
              0.4067366430758011,
              -0.9135454576426022,
              1.7801747395754167E-17
            ],
            [
              -0.9135454576426022,
              -0.4067366430758011,
              -2.0822883985597823E-16
            ],
            [
              1.9746713377725032E-16,
              6.843159384309798E-17,
              -1.0
            ]
          ],
          "translation_cm": [
            -14.655136622029703,
            -21.636535745716,
            77.350000000001828
          ]
        }
      },
      {
        "node_id": "0147110792-M1:5",
        "file_name": "C:\\Users\\hrish\\Downloads\\Assemblies for Training ML model\\Assembly 56\\Workspaces\\9097512440\\0147110792-M1.ipt",
        "component_type": "kPartDocumentObject",
        "grounded": false,
        "suppressed": false,
        "visible": true,
        "adaptive": false,
        "flexible": false,
        "dof_translation": 0,
        "dof_rotation": 0,
        "fully_constrained": true,
        "transform": {
          "rotation_matrix": [
            [
              0.86602540378444,
              -0.50000000000000044,
              1.7012109066567592E-17
            ],
            [
              -0.50000000000000044,
              -0.86602540378444,
              -2.088025456838736E-16
            ],
            [
              1.1913419146553614E-16,
              1.7232225440381287E-16,
              -1.0
            ]
          ],
          "translation_cm": [
            -0.59486337796962019,
            -21.636535745715623,
            77.350000000001828
          ]
        }
      },
      {
        "node_id": "0147110792-M1:6",
        "file_name": "C:\\Users\\hrish\\Downloads\\Assemblies for Training ML model\\Assembly 56\\Workspaces\\9097512440\\0147110792-M1.ipt",
        "component_type": "kPartDocumentObject",
        "grounded": false,
        "suppressed": false,
        "visible": true,
        "adaptive": false,
        "flexible": false,
        "dof_translation": 0,
        "dof_rotation": 0,
        "fully_constrained": true,
        "transform": {
          "rotation_matrix": [
            [
              0.99452189536827484,
              0.10452846326765383,
              1.6710494063636898E-17
            ],
            [
              0.10452846326765383,
              -0.99452189536827484,
              -2.0973082121295355E-16
            ],
            [
              -5.3038882125444573E-18,
              2.1032861609476757E-16,
              -1.0
            ]
          ],
          "translation_cm": [
            10.780136622030138,
            -13.372114489654354,
            77.3500000000018
          ]
        }
      },
      {
        "node_id": "0147110792-M1:7",
        "file_name": "C:\\Users\\hrish\\Downloads\\Assemblies for Training ML model\\Assembly 56\\Workspaces\\9097512440\\0147110792-M1.ipt",
        "component_type": "kPartDocumentObject",
        "grounded": false,
        "suppressed": false,
        "visible": true,
        "adaptive": false,
        "flexible": false,
        "dof_translation": 0,
        "dof_rotation": 0,
        "fully_constrained": true,
        "transform": {
          "rotation_matrix": [
            [
              0.74314482547739547,
              0.66913060635885935,
              1.7012109066564723E-17
            ],
            [
              0.66913060635885935,
              -0.74314482547739547,
              -2.1065909674203443E-16
            ],
            [
              -1.2831598831473228E-16,
              1.6793354053873957E-16,
              -1.0
            ]
          ],
          "translation_cm": [
            15.124999999999719,
            -5.0093262871087063E-13,
            77.3500000000018
          ]
        }
      },
      {
        "node_id": "0147110792-M1:8",
        "file_name": "C:\\Users\\hrish\\Downloads\\Assemblies for Training ML model\\Assembly 56\\Workspaces\\9097512440\\0147110792-M1.ipt",
        "component_type": "kPartDocumentObject",
        "grounded": false,
        "suppressed": false,
        "visible": true,
        "adaptive": false,
        "flexible": false,
        "dof_translation": 0,
        "dof_rotation": 0,
        "fully_constrained": true,
        "transform": {
          "rotation_matrix": [
            [
              0.20791169081775934,
              0.978147600733807,
              1.7801747395749557E-17
            ],
            [
              0.978147600733807,
              -0.20791169081775934,
              -2.1123280256993212E-16
            ],
            [
              -2.0291566762949597E-16,
              6.1330505642511342E-17,
              -1.0
            ]
          ],
          "translation_cm": [
            10.780136622029421,
            13.372114489653129,
            77.3500000000018
          ]
        }
      },
      {
        "node_id": "0147110792-M1:9",
        "file_name": "C:\\Users\\hrish\\Downloads\\Assemblies for Training ML model\\Assembly 56\\Workspaces\\9097512440\\0147110792-M1.ipt",
        "component_type": "kPartDocumentObject",
        "grounded": false,
        "suppressed": false,
        "visible": true,
        "adaptive": false,
        "flexible": false,
        "dof_translation": 0,
        "dof_rotation": 0,
        "fully_constrained": true,
        "transform": {
          "rotation_matrix": [
            [
              -0.40673664307580076,
              0.91354545764260231,
              1.8777794048262478E-17
            ],
            [
              0.91354545764260231,
              0.40673664307580076,
              -2.1123280256993365E-16
            ],
            [
              -2.0060838420843835E-16,
              -6.8761752567448642E-17,
              -1.0
            ]
          ],
          "translation_cm": [
            -0.59486337797077127,
            21.636535745713779,
            77.3500000000018
          ]
        }
      },
      {
        "node_id": "0147110792-M1:10",
        "file_name": "C:\\Users\\hrish\\Downloads\\Assemblies for Training ML model\\Assembly 56\\Workspaces\\9097512440\\0147110792-M1.ipt",
        "component_type": "kPartDocumentObject",
        "grounded": false,
        "suppressed": false,
        "visible": true,
        "adaptive": false,
        "flexible": false,
        "dof_translation": 0,
        "dof_rotation": 0,
        "fully_constrained": true,
        "transform": {
          "rotation_matrix": [
            [
              -0.86602540378444015,
              0.50000000000000056,
              1.956743237744905E-17
            ],
            [
              0.50000000000000056,
              0.86602540378444015,
              -2.1065909674203835E-16
            ],
            [
              -1.2227544189672416E-16,
              -1.7265241312816357E-16,
              -1.0
            ]
          ],
          "translation_cm": [
            -14.655136622030854,
            21.63653574571341,
            77.3500000000018
          ]
        }
      },
      {
        "node_id": "0147111106-M1:1",
        "file_name": "C:\\Users\\hrish\\Downloads\\Assemblies for Training ML model\\Assembly 56\\Workspaces\\9097512440\\0147111106-M1.ipt",
        "component_type": "kPartDocumentObject",
        "grounded": false,
        "suppressed": false,
        "visible": true,
        "adaptive": false,
        "flexible": false,
        "dof_translation": 0,
        "dof_rotation": 0,
        "fully_constrained": true,
        "transform": {
          "rotation_matrix": [
            [
              1.0000000000000004,
              5.5511151231256132E-17,
              -1.8289770722008754E-17
            ],
            [
              -5.5511151231256175E-17,
              1.0000000000000004,
              -2.4003522867585904E-17
            ],
            [
              1.8289770722008961E-17,
              2.4003522867585272E-17,
              1.0
            ]
          ],
          "translation_cm": [
            -7.6250000000008269,
            22.74999999999882,
            76.3500000000018
          ]
        }
      }
    ],
    "constraint_edges": [
      {
        "constraint_name": "Mate:19",
        "constraint_type": "kMateConstraint",
        "suppressed": false,
        "health_status": "kUpToDateHealth",
        "offset_cm": 0.0,
        "solution": "kNoSolutionType",
        "entity_one": {
          "entity_type": "83891200"
        },
        "entity_two": {
          "entity_type": "83887616"
        }
      },
      {
        "constraint_name": "Angle:6",
        "constraint_type": "kAngleConstraint",
        "suppressed": true,
        "health_status": "kSuppressedHealth",
        "node_one_id": "9097512440-P2.ipt:2",
        "angle_rad": 0.0,
        "solution": "kDirectedSolution",
        "entity_two": {
          "entity_type": "83887616"
        }
      },
      {
        "constraint_name": "Mate:25",
        "constraint_type": "kMateConstraint",
        "suppressed": false,
        "health_status": "kUpToDateHealth",
        "offset_cm": 0.0,
        "solution": "kNoSolutionType",
        "entity_one": {
          "entity_type": "83891200"
        },
        "entity_two": {
          "entity_type": "83887616"
        }
      },
      {
        "constraint_name": "Mate:26",
        "constraint_type": "kMateConstraint",
        "suppressed": false,
        "health_status": "kUpToDateHealth",
        "offset_cm": 0.0,
        "solution": "kNoSolutionType",
        "entity_one": {
          "entity_type": "83891200"
        },
        "entity_two": {
          "entity_type": "83887616"
        }
      },
      {
        "constraint_name": "Angle:11",
        "constraint_type": "kAngleConstraint",
        "suppressed": false,
        "health_status": "kUpToDateHealth",
        "angle_rad": 1.5707963267948966,
        "solution": "kUndirectedSolution",
        "entity_one": {
          "entity_type": "83887616"
        },
        "entity_two": {
          "entity_type": "83887616"
