{
  "assembly_metadata": {
    "assembly_name": "9097511315.iam",
    "full_file_name": "C:\\Users\\hrish\\Downloads\\Assemblies for Training ML model\\Assembly 54\\Workspaces\\9097511315\\9097511315.iam",
    "internal_name": "{C9A16650-4646-CD1B-EC1A-50A8C91474BC}",
    "total_occurrences": 22,
    "total_constraints": 43
  },
  "physics": {
    "mass_kg": 13.09627912609791,
    "center_of_mass": [
      -13.154202139165381,
      0.04775475546647398,
      22.398730284867906
    ],
    "inertia_tensor": [
      5104.355937657645,
      5074.9582360552795,
      1327.7808657634985,
      28.744281860100216,
      -40.597259642619264,
      -105.49115782603296
    ]
  },
  "assembly_graph": {
    "nodes": [
      {
        "node_id": "9097511315-M2:1",
        "file_name": "C:\\Users\\hrish\\Downloads\\Assemblies for Training ML model\\Assembly 54\\Workspaces\\9097511315\\9097511315-M2.ipt",
        "component_type": "kPartDocumentObject",
        "grounded": true,
        "suppressed": false,
        "visible": true,
        "adaptive": false,
        "flexible": false,
        "dof_translation": 0,
        "dof_rotation": 0,
        "fully_constrained": false,
        "transform": {
          "rotation_matrix": [
            [
              -9.0395127614741916E-17,
              -1.0000000000000071,
              1.1814804424444795E-32
            ],
            [
              1.0000000000000053,
              -6.6461720133738212E-17,
              0.0
            ],
            [
              2.435128123633738E-16,
              1.1102230246251382E-16,
              1.0000000000000007
            ]
          ],
          "translation_cm": [
            -12.0,
            -7.9754064160482039E-16,
            1.7763568394002505E-15
          ]
        }
      },
      {
        "node_id": "9097511315-M3:2",
        "file_name": "C:\\Users\\hrish\\Downloads\\Assemblies for Training ML model\\Assembly 54\\Workspaces\\9097511315\\9097511315-M3.ipt",
        "component_type": "kPartDocumentObject",
        "grounded": false,
        "suppressed": false,
        "visible": true,
        "adaptive": false,
        "flexible": false,
        "dof_translation": 0,
        "dof_rotation": 1,
        "fully_constrained": false,
        "transform": {
          "rotation_matrix": [
            [
              1.1102230246251325E-16,
              -0.88612468346916784,
              0.46344691750692169
            ],
            [
              -2.4351281236337222E-16,
              -0.46344691750692169,
              -0.88612468346916784
            ],
            [
              1.0,
              -1.4475659635633593E-17,
              -2.6723565762695328E-16
            ]
          ],
          "translation_cm": [
            -12.000000000000004,
            -7.975406416048051E-16,
            48.700000000000038
          ]
        }
      },
      {
        "node_id": "9097511315-M4:3",
        "file_name": "C:\\Users\\hrish\\Downloads\\Assemblies for Training ML model\\Assembly 54\\Workspaces\\9097511315\\9097511315-M4.ipt",
        "component_type": "kPartDocumentObject",
        "grounded": false,
        "suppressed": false,
        "visible": true,
        "adaptive": false,
        "flexible": false,
        "dof_translation": 0,
        "dof_rotation": 0,
        "fully_constrained": true,
        "transform": {
          "rotation_matrix": [
            [
              -2.8327318333966777E-16,
              6.6461720133737941E-17,
              -1.0
            ],
            [
              2.4351281236337242E-16,
              -1.0,
              -6.6461720133737793E-17
            ],
            [
              -1.0,
              -2.4351281236337252E-16,
              2.8327318333966787E-16
            ]
          ],
          "translation_cm": [
            -12.000000000000004,
            -7.9754064160482068E-16,
            1.7763568394002513E-15
          ]
        }
      },
      {
        "node_id": "9097511315-M5:4",
        "file_name": "C:\\Users\\hrish\\Downloads\\Assemblies for Training ML model\\Assembly 54\\Workspaces\\9097511315\\9097511315-M5.ipt",
        "component_type": "kPartDocumentObject",
        "grounded": false,
        "suppressed": false,
        "visible": true,
        "adaptive": false,
        "flexible": false,
        "dof_translation": 0,
        "dof_rotation": 0,
        "fully_constrained": true,
        "transform": {
          "rotation_matrix": [
            [
              -9.0395127614741115E-17,
              1.2325951644078309E-32,
              0.99999999999999911
            ],
            [
              0.999999999999997,
              -1.5192908393215772E-64,
              3.6795088377102761E-16
            ],
            [
              2.2204460492503131E-16,
              0.99999999999999845,
              2.8657837572482069E-31
            ]
          ],
          "translation_cm": [
            -23.999999999999993,
            -1.5950812832096763E-15,
            10.100000000000016
          ]
        }
      },
      {
        "node_id": "9097511315-M6:5",
        "file_name": "C:\\Users\\hrish\\Downloads\\Assemblies for Training ML model\\Assembly 54\\Workspaces\\9097511315\\9097511315-M6.ipt",
        "component_type": "kPartDocumentObject",
        "grounded": false,
        "suppressed": false,
        "visible": true,
        "adaptive": false,
        "flexible": false,
        "dof_translation": 0,
        "dof_rotation": 0,
        "fully_constrained": true,
        "transform": {
          "rotation_matrix": [
            [
              6.1130039094779332E-33,
              1.1013173488303382E-16,
              0.99999999999999745
            ],
            [
              5.5511151231257975E-17,
              -0.99999999999999867,
              2.4825695425974532E-16
            ],
            [
              0.99999999999999933,
              -9.8024634842472614E-32,
              -5.85376988061574E-18
            ]
          ],
          "translation_cm": [
            -21.499999999999996,
            -9.60763251972251E-16,
            10.100000000000016
          ]
        }
      },
      {
        "node_id": "9097511315-M7:6",
        "file_name": "C:\\Users\\hrish\\Downloads\\Assemblies for Training ML model\\Assembly 54\\Workspaces\\9097511315\\9097511315-M7.ipt",
        "component_type": "kPartDocumentObject",
        "grounded": false,
        "suppressed": false,
        "visible": true,
        "adaptive": false,
        "flexible": false,
        "dof_translation": 0,
        "dof_rotation": 0,
        "fully_constrained": true,
        "transform": {
          "rotation_matrix": [
            [
              -3.697785493223431E-32,
              -1.2349725987839429E-16,
              0.99999999999999023
            ],
            [
              9.8607613152624987E-32,
              0.99999999999999023,
              1.2349725987839429E-16
            ],
            [
              -0.99999999999999023,
              9.80246348424718E-32,
              -3.69778549322343E-32
            ]
          ],
          "translation_cm": [
            -12.149999999999999,
            -8.0750989962488135E-16,
            4.7050242015692927
          ]
        }
      },
      {
        "node_id": "9097511315-M8:7",
        "file_name": "C:\\Users\\hrish\\Downloads\\Assemblies for Training ML model\\Assembly 54\\Workspaces\\9097511315\\9097511315-M8.ipt",
        "component_type": "kPartDocumentObject",
        "grounded": false,
        "suppressed": false,
        "visible": true,
        "adaptive": false,
        "flexible": false,
        "dof_translation": 0,
        "dof_rotation": 0,
        "fully_constrained": true,
        "transform": {
          "rotation_matrix": [
            [
              -1.3268047748337574E-31,
              0.99999999999999489,
              1.4496634306792469E-16
            ],
            [
              5.6781820138681555E-16,
              6.64617201337374E-17,
              -0.99999999999999856
            ],
            [
              -0.99999999999999556,
              1.7272282976818673E-17,
              -3.4577359646178562E-16
            ]
          ],
          "translation_cm": [
            -19.800000000000058,
            14.499999999999954,
            40.200000000000045
          ]
        }
      },
      {
        "node_id": "9097511315-M9:8",
        "file_name": "C:\\Users\\hrish\\Downloads\\Assemblies for Training ML model\\Assembly 54\\Workspaces\\9097511315\\9097511315-M9.ipt",
        "component_type": "kPartDocumentObject",
        "grounded": false,
        "suppressed": false,
        "visible": true,
        "adaptive": false,
        "flexible": false,
        "dof_translation": 0,
        "dof_rotation": 0,
        "fully_constrained": true,
        "transform": {
          "rotation_matrix": [
            [
              0.99999999999999567,
              -1.2246467991473461E-16,
              2.1285980752947681E-16
            ],
            [
              2.1285980752947528E-16,
              -6.9028288130154981E-16,
              -1.0000000000000002
            ],
            [
              1.6098902834863135E-16,
              0.99999999999999467,
              -4.8844217219284351E-16
            ]
          ],
          "translation_cm": [
            -19.800000000000054,
            13.99999999999995,
            40.200000000000045
          ]
        }
      },
      {
        "node_id": "9097511315-M12:11",
        "file_name": "C:\\Users\\hrish\\Downloads\\Assemblies for Training ML model\\Assembly 54\\Workspaces\\9097511315\\9097511315-M12.ipt",
        "component_type": "kPartDocumentObject",
        "grounded": false,
        "suppressed": false,
        "visible": true,
        "adaptive": false,
        "flexible": false,
        "dof_translation": 0,
        "dof_rotation": 0,
        "fully_constrained": true,
        "transform": {
          "rotation_matrix": [
            [
              -0.70710678118654646,
              -8.1960603538919867E-19,
              -0.70710678118654835
            ],
            [
              -0.70710678118654791,
              -2.8385408309527919E-17,
              0.70710678118654691
            ],
            [
              -3.5993034061548225E-16,
              0.99999999999999933,
              -1.5551218759585563E-17
            ]
          ],
          "translation_cm": [
            -17.374011537017729,
            5.3740115370177932,
            -0.050000000000011924
          ]
        }
      },
      {
        "node_id": "9097511315-M13:12",
        "file_name": "C:\\Users\\hrish\\Downloads\\Assemblies for Training ML model\\Assembly 54\\Workspaces\\9097511315\\9097511315-M13.ipt",
        "component_type": "kPartDocumentObject",
        "grounded": true,
        "suppressed": false,
        "visible": true,
        "adaptive": false,
        "flexible": false,
        "dof_translation": 0,
        "dof_rotation": 0,
        "fully_constrained": false,
        "transform": {
          "rotation_matrix": [
            [
              0.7071067811865468,
              2.5691025425694536E-16,
              0.70710678118654824
            ],
            [
              0.70710678118654824,
              -2.4351281236337188E-16,
              -0.7071067811865468
            ],
            [
              -9.4734220134982968E-18,
              1.0000000000000002,
              -3.5385254386939366E-16
            ]
          ],
          "translation_cm": [
            -6.6259884629822317,
            -5.3740115370177577,
            -0.050000000000007566
          ]
        }
      },
      {
        "node_id": "9097511315-M14:13",
        "file_name": "C:\\Users\\hrish\\Downloads\\Assemblies for Training ML model\\Assembly 54\\Workspaces\\9097511315\\9097511315-M14.ipt",
        "component_type": "kPartDocumentObject",
        "grounded": false,
        "suppressed": false,
        "visible": true,
        "adaptive": false,
        "flexible": false,
        "dof_translation": 0,
        "dof_rotation": 0,
        "fully_constrained": true,
        "transform": {
          "rotation_matrix": [
            [
              -1.8229993451685626E-16,
              -1.0000000000000209,
              6.4058378437274194E-16
            ],
            [
              1.0994958029889291E-31,
              6.4058378437274214E-16,
              1.0000000000000209
            ],
            [
              -1.0000000000000209,
              1.8229993451685626E-16,
              3.0369365727361202E-31
            ]
          ],
          "translation_cm": [
            -12.099999999999996,
            -11.99998571897706,
            10.100000000000005
          ]
        }
      },
      {
        "node_id": "9097511315-M15:14",
        "file_name": "C:\\Users\\hrish\\Downloads\\Assemblies for Training ML model\\Assembly 54\\Workspaces\\9097511315\\9097511315-M15.ipt",
        "component_type": "kPartDocumentObject",
        "grounded": false,
        "suppressed": false,
        "visible": true,
        "adaptive": false,
        "flexible": false,
        "dof_translation": 0,
        "dof_rotation": 0,
        "fully_constrained": true,
        "transform": {
          "rotation_matrix": [
            [
              -0.40557978767264241,
              -0.70710678118655879,
              0.57922796533955312
            ],
            [
              -0.40557978767263908,
              0.70710678118653314,
              0.57922796533957666
            ],
            [
              -0.81915204428898913,
              2.9687484011180067E-16,
              -0.57357643635105993
            ]
          ],
          "translation_cm": [
            -18.990865986450295,
            -5.107762011510907,
            18.75775038752133
          ]
        }
      },
      {
        "node_id": "9097511315-M16:15",
        "file_name": "C:\\Users\\hrish\\Downloads\\Assemblies for Training ML model\\Assembly 54\\Workspaces\\9097511315\\9097511315-M16.ipt",
        "component_type": "kPartDocumentObject",
        "grounded": false,
        "suppressed": false,
        "visible": true,
        "adaptive": false,
        "flexible": false,
        "dof_translation": 0,
        "dof_rotation": 0,
        "fully_constrained": true,
        "transform": {
          "rotation_matrix": [
            [
              -0.26942409446995291,
              -0.96302162868704411,
              2.0781140938305061E-16
            ],
            [
              0.96302162868704411,
              -0.26942409446995291,
              -2.4351281236337272E-16
            ],
            [
              2.9049750596189024E-16,
              1.3451866296098096E-16,
              1.0000000000000004
            ]
          ],
          "translation_cm": [
            -18.250000000000007,
            -1.8,
            -2.6999999999999997
          ]
        }
      },
      {
        "node_id": "9097511315-M17:16",
        "file_name": "C:\\Users\\hrish\\Downloads\\Assemblies for Training ML model\\Assembly 54\\Workspaces\\9097511315\\9097511315-M17.ipt",
        "component_type": "kPartDocumentObject",
        "grounded": false,
        "suppressed": false,
        "visible": true,
        "adaptive": false,
        "flexible": false,
        "dof_translation": 0,
        "dof_rotation": 1,
        "fully_constrained": false,
        "transform": {
          "rotation_matrix": [
            [
              0.25370059941206452,
              0.090693707272974031,
              0.96302162868706565
            ],
            [
              -0.90682002634301517,
              -0.32417294326074531,
              0.26942409446995819
            ],
            [
              0.33662062575137869,
              -0.94164035295795934,
              -3.2568182496378972E-16
            ]
          ],
          "translation_cm": [
            -23.450316794910087,
            -3.2548901101377532,
            -8.7000000000000011
          ]
        }
      },
      {
        "node_id": "0129327034-M1:17",
        "file_name": "C:\\Users\\hrish\\Downloads\\Assemblies for Training ML model\\Assembly 54\\Workspaces\\9097511315\\0129327034-M1.ipt",
        "component_type": "kPartDocumentObject",
        "grounded": false,
        "suppressed": false,
        "visible": true,
        "adaptive": false,
        "flexible": false,
        "dof_translation": 0,
        "dof_rotation": 1,
        "fully_constrained": false,
        "transform": {
          "rotation_matrix": [
            [
              -5.3812758779205466E-31,
              -0.46691152518588752,
              -0.88430403575274374
            ],
            [
              1.0,
              2.1111018318531365E-16,
              -1.1146593663278076E-16
            ],
            [
              2.3873031745875823E-16,
              -0.88430403575274374,
              0.46691152518588752
            ]
          ],
          "translation_cm": [
            -16.499999999999915,
            -11.660000000000059,
            38.750000000000043
          ]
        }
      },
      {
        "node_id": "0129327034-M1:18",
        "file_name": "C:\\Users\\hrish\\Downloads\\Assemblies for Training ML model\\Assembly 54\\Workspaces\\9097511315\\0129327034-M1.ipt",
        "component_type": "kPartDocumentObject",
        "grounded": false,
        "suppressed": false,
        "visible": true,
        "adaptive": false,
        "flexible": false,
        "dof_translation": 0,
        "dof_rotation": 0,
        "fully_constrained": true,
        "transform": {
          "rotation_matrix": [
            [
              -5.3568611187342831E-31,
              -0.46691152518588752,
              -0.88430403575274374
            ],
            [
              1.0,
              2.1111018318531375E-16,
              -1.1146593663278081E-16
            ],
            [
              2.3873031745875833E-16,
              -0.88430403575274374,
              0.46691152518588752
            ]
          ],
          "translation_cm": [
            -16.499999999999911,
            -11.660000000000055,
            33.750000000000043
          ]
        }
      },
      {
        "node_id": "0129327034-M1:19",
        "file_name": "C:\\Users\\hrish\\Downloads\\Assemblies for Training ML model\\Assembly 54\\Workspaces\\9097511315\\0129327034-M1.ipt",
        "component_type": "kPartDocumentObject",
        "grounded": false,
        "suppressed": false,
        "visible": true,
        "adaptive": false,
        "flexible": false,
        "dof_translation": 0,
        "dof_rotation": 0,
        "fully_constrained": true,
        "transform": {
          "rotation_matrix": [
            [
              -5.3568611187342831E-31,
              -0.46691152518588752,
              -0.88430403575274374
            ],
            [
              1.0,
              2.1111018318531375E-16,
              -1.1146593663278081E-16
            ],
            [
              2.3873031745875833E-16,
              -0.88430403575274374,
              0.46691152518588752
            ]
          ],
          "translation_cm": [
            -7.4999999999998934,
            -11.660000000000059,
            38.750000000000028
          ]
        }
      },
      {
        "node_id": "0129327034-M1:20",
        "file_name": "C:\\Users\\hrish\\Downloads\\Assemblies for Training ML model\\Assembly 54\\Workspaces\\9097511315\\0129327034-M1.ipt",
        "component_type": "kPartDocumentObject",
        "grounded": false,
        "suppressed": false,
        "visible": true,
        "adaptive": false,
        "flexible": false,
        "dof_translation": 0,
        "dof_rotation": 0,
        "fully_constrained": true,
        "transform": {
          "rotation_matrix": [
            [
              -5.3568611187342831E-31,
              -0.46691152518588752,
              -0.88430403575274374
            ],
            [
              1.0,
              2.1111018318531375E-16,
              -1.1146593663278081E-16
            ],
            [
              2.3873031745875833E-16,
              -0.88430403575274374,
              0.46691152518588752
            ]
          ],
          "translation_cm": [
            -7.4999999999999112,
            -11.660000000000055,
            33.750000000000021
          ]
        }
      },
      {
        "node_id": "9096994673-M1:21",
        "file_name": "C:\\Users\\hrish\\Downloads\\Assemblies for Training ML model\\Assembly 54\\Workspaces\\9097511315\\9096994673-M1.ipt",
        "component_type": "kPartDocumentObject",
        "grounded": false,
        "suppressed": false,
        "visible": true,
        "adaptive": false,
        "flexible": false,
        "dof_translation": 0,
        "dof_rotation": 0,
        "fully_constrained": true,
        "transform": {
          "rotation_matrix": [
            [
              -0.99999999999999778,
              -2.7372362540065494E-18,
              1.4488134646044789E-15
            ],
            [
              1.4022933116434731E-15,
              -2.3873031745875868E-16,
              0.999999999999996
            ],
            [
              8.854411834461172E-16,
              0.99999999999999967,
              2.4351281236337015E-16
            ]
          ],
          "translation_cm": [
            -11.99999999999995,
            -11.50000000000006,
            36.25000000000005
          ]
        }
      },
      {
        "node_id": "9096994675:22",
        "file_name": "C:\\Users\\hrish\\Downloads\\Assemblies for Training ML model\\Assembly 54\\Workspaces\\9097511315\\9096994675-M1.ipt",
        "component_type": "kPartDocumentObject",
        "grounded": false,
        "suppressed": false,
        "visible": true,
        "adaptive": false,
        "flexible": false,
        "dof_translation": 0,
        "dof_rotation": 0,
        "fully_constrained": true,
        "transform": {
          "rotation_matrix": [
            [
              0.99999999999999833,
              2.0983884654981436E-15,
              -3.3306690738754622E-16
            ],
            [
              1.0379571537883427E-30,
              -2.3873031745875853E-16,
              -0.99999999999999933
            ],
            [
              -1.9120507646323E-15,
              0.99999999999999933,
              -3.2230102204518382E-16
            ]
          ],
          "translation_cm": [
            -12.153536949814644,
            -11.500000000000062,
            36.000000000000036
          ]
        }
      },
      {
        "node_id": "0611120045-M1:23",
        "file_name": "C:\\Users\\hrish\\Downloads\\Assemblies for Training ML model\\Assembly 54\\Workspaces\\9097511315\\0611120045-M1.ipt",
        "component_type": "kPartDocumentObject",
        "grounded": false,
        "suppressed": false,
        "visible": true,
        "adaptive": false,
        "flexible": false,
        "dof_translation": 0,
        "dof_rotation": 1,
        "fully_constrained": false,
        "transform": {
          "rotation_matrix": [
            [
              0.99942895057676162,
              -0.033790127981960072,
              -6.1579724981765091E-15
            ],
            [
              0.033790127981959954,
              0.99942895057677017,
              6.0098007644085529E-15
            ],
            [
              -2.1601801973226445E-16,
              2.5095539683115913E-16,
              1.0
            ]
          ],
          "translation_cm": [
            -12.000000000000004,
            -2.0271256638166328E-15,
            54.205024201569294
          ]
        }
      },
      {
        "node_id": "0611120045-M1:24",
        "file_name": "C:\\Users\\hrish\\Downloads\\Assemblies for Training ML model\\Assembly 54\\Workspaces\\9097511315\\0611120045-M1.ipt",
        "component_type": "kPartDocumentObject",
        "grounded": false,
        "suppressed": false,
        "visible": true,
        "adaptive": false,
        "flexible": false,
        "dof_translation": 0,
        "dof_rotation": 1,
        "fully_constrained": false,
        "transform": {
          "rotation_matrix": [
            [
              -0.78260746964003558,
              0.62251550058101091,
              9.0739640827389492E-15
            ],
            [
              -0.62251550058100313,
              -0.782607469640039,
              1.4316143837215162E-15
            ],
            [
              -1.7568746162172878E-16,
              -1.7140731394733025E-16,
              1.000000000000002
            ]
          ],
          "translation_cm": [
            -12.000000000000004,
            -4.8314108632201837E-16,
            -7.0000000000000089
          ]
        }
      }
    ],
    "constraint_edges": [
      {
        "constraint_name": "Mate:15",
        "constraint_type": "kMateConstraint",
        "suppressed": false,
        "health_status": "kUpToDateHealth",
        "node_one_id": "9097511315-M9:8",
        "node_two_id": "9097511315-M2:1",
        "offset_cm": 0.0,
        "solution": "kUndirectedSolutionType",
        "entity_one": {
          "entity_type": "67119520",
          "proxy_context_occurrence": "9097511315-M9:8",
          "owner_document": "C:\\Users\\hrish\\Downloads\\Assemblies for Training ML model\\Assembly 54\\Workspaces\\9097511315\\9097511315-M9.ipt",
          "reference_key_string": "AQQDACAAAAAAAAAAAgAAAAEAAAADAAAABAAAAAYAAAAHAAAABgAAAA==",
          "context_key_string": "nsIrpNQR6AFgAC2z7in7sAQAAB5AAADIMgIotS/9IIFFAwBkBQABAADtN0PA0xEdDmAAALgylIewAAABAQAAsS28CdARH+wACNywOz6oCQIBAACyBAAAAFQAZQBzAHQA7v22TQRIEkmlSIGX+SPFwQD/////AAAAAAAABgBICM1Q4SAAYOo/XxjmxA==",
          "surface_type": "kCylinderSurface",
          "area_cm2": 127.59636628098444,
          "face_normal_at_center": [
            -1.0,
            0.0,
            0.0
          ],
          "face_point_at_center": [
            -2.415,
            0.0,
            5.75
          ],
          "face_bbox_min": [
            -2.415,
            -2.415,
            0.0
          ],
          "face_bbox_max": [
            2.415,
            2.415,
            11.5
          ],
          "radius_cm": 2.415,
          "axis": [
            0.0,
            0.0,
            1.0
          ],
          "loops": [
            {
              "is_outer": true,
              "edge_reference_keys": [
                "AQQBABAAAAAAAAAAAgAAAAQAAAAGAAAA"
              ]
            },
            {
              "is_outer": true,
              "edge_reference_keys": [
                "AQQBABAAAAAAAAAAAgAAAAcAAAAGAAAA"
              ]
            }
          ]
        },
        "entity_two": {
          "entity_type": "67119520",
          "proxy_context_occurrence": "9097511315-M2:1",
          "owner_document": "C:\\Users\\hrish\\Downloads\\Assemblies for Training ML model\\Assembly 54\\Workspaces\\9097511315\\9097511315-M2.ipt",
          "reference_key_string": "AQQDACAAAAAAAAAAAgAAAAEAAAADAAAABAAAAAYAAAAHAAAABgAAAA==",
          "context_key_string": "nsIrpNQR6AFgAC2z7in7sAQAAB5AAADIMgIotS/9IIFFAwBkBQABAADtN0PA0xEdDmAAALgylIewAAABAQAAsS28CdARH+wACNywOz6oCQIBAACyBAAAAFQAZQBzAHQAmhX/5J9EfLJJSTWNOoc78gD/////AAAAAAAABgBICM1Q4SAAYOo/XxjmxA==",
          "surface_type": "kCylinderSurface",
          "area_cm2": 8.25931268466318,
          "face_normal_at_center": [
            0.0,
            0.0,
            1.0
          ],
          "face_point_at_center": [
            5.8957435498582074,
            7.8000000000000007,
            37.785000000000004
          ],
          "face_bbox_min": [
            2.4292632703646198,
            5.3844927045534545,
            37.78449270455345
          ],
          "face_bbox_max": [
            9.3622258876709452,
            10.215507295446544,
            42.615507295446548
          ],
          "radius_cm": 2.415,
          "axis": [
            1.0,
            0.0,
            0.0
          ],
          "loops": [
            {
              "is_outer": true,
              "edge_reference_keys": [
                "AQQBABAAAAAAAAAAAgAAAAQAAAAGAAAA"
              ]
            },
            {
              "is_outer": true,
              "edge_reference_keys": [
                "AQQBABAAAAAAAAAAAgAAAAcAAAAGAAAA"
              ]
            }
          ]
        }
      },
      {
        "constraint_name": "Flush:3",
        "constraint_type": "kFlushConstraint",
        "suppressed": false,
        "health_status": "kUpToDateHealth",
        "node_one_id": "9097511315-M8:7",
        "node_two_id": "9097511315-M2:1",
        "offset_cm": -14.5,
        "entity_one": {
          "entity_type": "67119520",
          "proxy_context_occurrence": "9097511315-M8:7",
          "owner_document": "C:\\Users\\hrish\\Downloads\\Assemblies for Training ML model\\Assembly 54\\Workspaces\\9097511315\\9097511315-M8.ipt",
          "reference_key_string": "AQQMAGgAAAAAAAAAAgAAAAEAAAADAAAABAAAAAYAAAAHAAAABgAAAAoAAAAGAAAADgAAAAYAAAARAAAABgAAABQAAAAGAAAAFwAAAAYAAAAaAAAABgAAAB0AAAAGAAAAIAAAAAYAAAAiAAAABgAAAA==",
          "context_key_string": "nsIrpNQR6AFgAC2z7in7sAQAAB5AAADIMgIotS/9IIFFAwBkBQABAADtN0PA0xEdDmAAALgylIewAAABAQAAsS28CdARH+wACNywOz6oCQIBAACyBAAAAFQAZQBzAHQAZSy1jh9PX/yrqAGpdsyR8gD/////AAAAAAAABgBICM1Q4SAAYOo/XxjmxA==",
          "surface_type": "kPlaneSurface",
          "area_cm2": 26.07320799102531,
          "face_normal_at_center": [
            0.0,
            0.0,
            -1.0
          ],
          "face_point_at_center": [
            4.4408920985006262E-16,
            1.4657508720404353E-16,
            0.0
          ],
          "face_bbox_min": [
            -3.0000000000000004,
            -4.75,
            0.0
          ],
          "face_bbox_max": [
            2.9999999999999996,
            4.75,
            0.0
          ],
          "loops": [
            {
              "is_outer": false,
              "edge_reference_keys": [
                "AQQBABAAAAAAAAAAAgAAAAQAAAAGAAAA"
              ]
            },
            {
              "is_outer": false,
              "edge_reference_keys": [
                "AQQBABAAAAAAAAAAAgAAAAcAAAAGAAAA"
              ]
            },
            {
              "is_outer": false,
              "edge_reference_keys": [
                "AQQBABAAAAAAAAAAAgAAAAoAAAAGAAAA"
              ]
            },
            {
              "is_outer": true,
              "edge_reference_keys": [
                "AQQBABAAAAAAAAAAAgAAAA4AAAAGAAAA",
                "AQQBABAAAAAAAAAAAgAAABEAAAAGAAAA",
                "AQQBABAAAAAAAAAAAgAAABQAAAAGAAAA",
                "AQQBABAAAAAAAAAAAgAAABcAAAAGAAAA",
                "AQQBABAAAAAAAAAAAgAAABoAAAAGAAAA",
                "AQQBABAAAAAAAAAAAgAAAB0AAAAGAAAA",
                "AQQBABAAAAAAAAAAAgAAACAAAAAGAAAA",
                "AQQBABAAAAAAAAAAAgAAACIAAAAGAAAA"
              ]
            }
          ]
        },
        "entity_two": {
          "entity_type": "83887776",
          "proxy_context_occurrence": "9097511315-M2:1",
          "owner_document": "C:\\Users\\hrish\\Downloads\\Assemblies for Training ML model\\Assembly 54\\Workspaces\\9097511315\\9097511315-M2.ipt",
          "reference_key_string": "EAIAABAAAADmewAAAAAAAIAAAAAAAAAA",
          "context_key_string": "nsIrpNQR6AFgAC2z7in7sAQAAB5AAADIMgIotS/9IIFFAwBkBQABAADtN0PA0xEdDmAAALgylIewAAABAQAAsS28CdARH+wACNywOz6oCQIBAACyBAAAAFQAZQBzAHQAmhX/5J9EfLJJSTWNOoc78gD/////AAAAAAAABgBICM1Q4SAAYOo/XxjmxA==",
          "surface_type": "kPlaneSurface",
          "area_cm2": 0.0001,
          "face_normal_at_center": [
            1.0,
            0.0,
            0.0
          ],
          "face_point_at_center": [
            0.0,
            0.0,
            0.0
          ],
          "work_feature_name": "Work Plane24"
        }
      },
      {
        "constraint_name": "Flush:21",
        "constraint_type": "kFlushConstraint",
        "suppressed": false,
        "health_status": "kUpToDateHealth",
        "node_one_id": "9097511315-M2:1",
        "offset_cm": 0.0,
        "entity_one": {
          "entity_type": "83887776",
          "proxy_context_occurrence": "9097511315-M2:1",
          "owner_document": "C:\\Users\\hrish\\Downloads\\Assemblies for Training ML model\\Assembly 54\\Workspaces\\9097511315\\9097511315-M2.ipt",
          "reference_key_string": "EAIAABAAAAAJAAAAAAAAAIAAAAAAAAAA",
          "context_key_string": "nsIrpNQR6AFgAC2z7in7sAQAAB5AAADIMgIotS/9IIFFAwBkBQABAADtN0PA0xEdDmAAALgylIewAAABAQAAsS28CdARH+wACNywOz6oCQIBAACyBAAAAFQAZQBzAHQAmhX/5J9EfLJJSTWNOoc78gD/////AAAAAAAABgBICM1Q4SAAYOo/XxjmxA==",
          "surface_type": "kPlaneSurface",
          "area_cm2": 0.0001,
          "face_normal_at_center": [
            1.0,
            0.0,
            0.0
          ],
          "face_point_at_center": [
            0.0,
            0.0,
            0.0
          ],
          "work_feature_name": "YZ Plane"
        },
        "entity_two": {
          "entity_type": "83887616"
        }
      },
      {
        "constraint_name": "Flush:23",
        "constraint_type": "kFlushConstraint",
        "suppressed": false,
        "health_status": "kUpToDateHealth",
        "node_one_id": "9097511315-M2:1",
        "offset_cm": 0.0,
        "entity_one": {
          "entity_type": "83887776",
          "proxy_context_occurrence": "9097511315-M2:1",
          "owner_document": "C:\\Users\\hrish\\Downloads\\Assemblies for Training ML model\\Assembly 54\\Workspaces\\9097511315\\9097511315-M2.ipt",
          "reference_key_string": "EAIAABAAAAALAAAAAAAAAIAAAAAAAAAA",
          "context_key_string": "nsIrpNQR6AFgAC2z7in7sAQAAB5AAADIMgIotS/9IIFFAwBkBQABAADtN0PA0xEdDmAAALgylIewAAABAQAAsS28CdARH+wACNywOz6oCQIBAACyBAAAAFQAZQBzAHQAmhX/5J9EfLJJSTWNOoc78gD/////AAAAAAAABgBICM1Q4SAAYOo/XxjmxA==",
          "surface_type": "kPlaneSurface",
          "area_cm2": 0.0001,
          "face_normal_at_center": [
            0.0,
            0.0,
            1.0
          ],
          "face_point_at_center": [
            0.0,
            0.0,
            0.0
          ],
          "work_feature_name": "XY Plane"
        },
        "entity_two": {
          "entity_type": "83887616"
        }
      },
      {
        "constraint_name": "Mate:69",
        "constraint_type": "kMateConstraint",
        "suppressed": false,
        "health_status": "kUpToDateHealth",
        "node_one_id": "9097511315-M2:1",
        "node_two_id": "9096994673-M1:21",
        "offset_cm": -11.5,
        "solution": "kNoSolutionType",
        "entity_one": {
          "entity_type": "83887776",
          "proxy_context_occurrence": "9097511315-M2:1",
          "owner_document": "C:\\Users\\hrish\\Downloads\\Assemblies for Training ML model\\Assembly 54\\Workspaces\\9097511315\\9097511315-M2.ipt",
          "reference_key_string": "EAIAABAAAAAJAAAAAAAAAIAAAAAAAAAA",
          "context_key_string": "nsIrpNQR6AFgAC2z7in7sAQAAB5AAADIMgIotS/9IIFFAwBkBQABAADtN0PA0xEdDmAAALgylIewAAABAQAAsS28CdARH+wACNywOz6oCQIBAACyBAAAAFQAZQBzAHQAmhX/5J9EfLJJSTWNOoc78gD/////AAAAAAAABgBICM1Q4SAAYOo/XxjmxA==",
          "surface_type": "kPlaneSurface",
          "area_cm2": 0.0001,
          "face_normal_at_center": [
            1.0,
            0.0,
            0.0
          ],
          "face_point_at_center": [
            0.0,
            0.0,
            0.0
          ],
          "work_feature_name": "YZ Plane"
        },
        "entity_two": {
          "entity_type": "67119520",
          "proxy_context_occurrence": "9096994673-M1:21",
          "owner_document": "C:\\Users\\hrish\\Downloads\\Assemblies for Training ML model\\Assembly 54\\Workspaces\\9097511315\\9096994673-M1.ipt",
          "reference_key_string": "AQQJAFAAAAAAAAAAAgAAAAEAAAADAAAABAAAAAYAAAAHAAAABgAAAAoAAAAGAAAADQAAAAYAAAAVAAAABgAAABkAAAAGAAAAHAAAAAYAAAAdAAAABgAAAA==",
          "context_key_string": "nsIrpNQR6AFgAC2z7in7sAQAAB5AAADIMgIotS/9IIFFAwBkBQABAADtN0PA0xEdDmAAALgylIewAAABAQAAsS28CdARH+wACNywOz6oCQIBAACyBAAAAFQAZQBzAHQAmuLI6YhAFLMmmUyxLwsRXAD/////AAAAAAAABgBICM1Q4SAAYOo/XxjmxA==",
          "surface_type": "kPlaneSurface",
          "area_cm2": 73.167256661176879,
          "face_normal_at_center": [
            0.0,
            0.0,
            -1.0
          ],
          "face_point_at_center": [
            8.8817841970012523E-16,
            -2.0785993728854283E-16,
            0.0
          ],
          "face_bbox_min": [
            -5.6499999999999986,
            -3.25,
            -2.7755575615628914E-17
          ],
          "face_bbox_max": [
            5.65,
            3.25,
            0.0
          ],
          "loops": [
            {
              "is_outer": false,
              "edge_reference_keys": [
                "AQQBABAAAAAAAAAAAgAAAAQAAAAGAAAA"
              ]
            },
            {
              "is_outer": false,
              "edge_reference_keys": [
                "AQQBABAAAAAAAAAAAgAAAAcAAAAGAAAA"
              ]
            },
            {
              "is_outer": false,
              "edge_reference_keys": [
                "AQQBABAAAAAAAAAAAgAAAAoAAAAGAAAA"
              ]
            },
            {
              "is_outer": false,
              "edge_reference_keys": [
                "AQQBABAAAAAAAAAAAgAAAA0AAAAGAAAA"
              ]
            },
            {
              "is_outer": true,
              "edge_reference_keys": [
                "AQQBABAAAAAAAAAAAgAAABUAAAAGAAAA",
                "AQQBABAAAAAAAAAAAgAAABkAAAAGAAAA",
                "AQQBABAAAAAAAAAAAgAAABwAAAAGAAAA",
                "AQQBABAAAAAAAAAAAgAAAB0AAAAGAAAA"
              ]
            }
          ]
        }
      },
      {
        "constraint_name": "Mate:70",
        "constraint_type": "kMateConstraint",
        "suppressed": false,
        "health_status": "kUpToDateHealth",
        "node_one_id": "9097511315-M2:1",
        "node_two_id": "9096994673-M1:21",
        "offset_cm": -6.0,
        "solution": "kNoSolutionType",
        "entity_one": {
          "entity_type": "83887776",
          "proxy_context_occurrence": "9097511315-M2:1",
          "owner_document": "C:\\Users\\hrish\\Downloads\\Assemblies for Training ML model\\Assembly 54\\Workspaces\\9097511315\\9097511315-M2.ipt",
          "reference_key_string": "EAIAABAAAAAKAAAAAAAAAIAAAAAAAAAA",
          "context_key_string": "nsIrpNQR6AFgAC2z7in7sAQAAB5AAADIMgIotS/9IIFFAwBkBQABAADtN0PA0xEdDmAAALgylIewAAABAQAAsS28CdARH+wACNywOz6oCQIBAACyBAAAAFQAZQBzAHQAmhX/5J9EfLJJSTWNOoc78gD/////AAAAAAAABgBICM1Q4SAAYOo/XxjmxA==",
          "surface_type": "kPlaneSurface",
          "area_cm2": 0.0001,
