{
  "assembly_metadata": {
    "assembly_name": "9097553954.iam",
    "full_file_name": "C:\\Users\\hrish\\Downloads\\Assemblies for Training ML model\\Assembly 58\\Workspaces\\9097553954\\9097553954.iam",
    "internal_name": "{8A20643B-4CB9-119F-4C61-9DBBE40223D9}",
    "total_occurrences": 9,
    "total_constraints": 11
  },
  "physics": {
    "mass_kg": 27.686680977486066,
    "center_of_mass": [
      -117.16235338421235,
      -92.0877177273589,
      113.8840056894142
    ],
    "inertia_tensor": [
      15995.500880398751,
      15855.562538393737,
      3115.973839368105,
      104.94895078581571,
      185.0656509309411,
      68.282546898603442
    ]
  },
  "assembly_graph": {
    "nodes": [
      {
        "node_id": "9097553955:1",
        "file_name": "C:\\Users\\hrish\\Downloads\\Assemblies for Training ML model\\Assembly 58\\Workspaces\\9097553954\\9097553955.iam",
        "component_type": "kAssemblyDocumentObject",
        "grounded": true,
        "suppressed": false,
        "visible": true,
        "adaptive": false,
        "flexible": false,
        "dof_translation": 0,
        "dof_rotation": 0,
        "fully_constrained": false,
        "transform": {
          "rotation_matrix": [
            [
              0.99999999999999933,
              -1.6946356833270902E-16,
              -1.8731471741361946E-32
            ],
            [
              1.6946356833270902E-16,
              0.99999999999999933,
              3.0953459313479389E-16
            ],
            [
              -3.3723364933673461E-32,
              -3.0953459313479389E-16,
              1.0
            ]
          ],
          "translation_cm": [
            -117.38698014348711,
            -92.177426727711364,
            81.711520553619252
          ]
        }
      },
      {
        "node_id": "9097553955:1/9097553955-M1:1",
        "file_name": "C:\\Users\\hrish\\Downloads\\Assemblies for Training ML model\\Assembly 58\\Workspaces\\9097553954\\9097553955-M1.ipt",
        "component_type": "kPartDocumentObject",
        "grounded": true,
        "suppressed": false,
        "visible": true,
        "adaptive": false,
        "flexible": false,
        "dof_translation": 0,
        "dof_rotation": 0,
        "fully_constrained": false,
        "transform": {
          "rotation_matrix": [
            [
              0.99999999999999933,
              -1.6946356833270902E-16,
              -1.8731471741361946E-32
            ],
            [
              1.6946356833270902E-16,
              0.99999999999999933,
              3.0953459313479389E-16
            ],
            [
              -3.3723364933673461E-32,
              -3.0953459313479389E-16,
              1.0
            ]
          ],
          "translation_cm": [
            -117.38698014348711,
            -92.177426727711364,
            81.711520553619252
          ]
        }
      },
      {
        "node_id": "9097553955:1/9097553955-M2:1",
        "file_name": "C:\\Users\\hrish\\Downloads\\Assemblies for Training ML model\\Assembly 58\\Workspaces\\9097553954\\9097553955-M2.ipt",
        "component_type": "kPartDocumentObject",
        "grounded": false,
        "suppressed": false,
        "visible": true,
        "adaptive": false,
        "flexible": false,
        "dof_translation": 0,
        "dof_rotation": 0,
        "fully_constrained": true,
        "transform": {
          "rotation_matrix": [
            [
              0.47149214074884882,
              -8.5782644538907438E-17,
              -0.88187026325406837
            ],
            [
              -0.88187026325406837,
              -4.3567075399641766E-16,
              -0.47149214074884882
            ],
            [
              -3.4375859161034919E-16,
              1.0,
              -2.81064296713879E-16
            ]
          ],
          "translation_cm": [
            -117.38698014348711,
            -92.177426727711349,
            74.711520553619252
          ]
        }
      },
      {
        "node_id": "9097553955:1/9097553955-M3:1",
        "file_name": "C:\\Users\\hrish\\Downloads\\Assemblies for Training ML model\\Assembly 58\\Workspaces\\9097553954\\9097553955-M3.ipt",
        "component_type": "kPartDocumentObject",
        "grounded": false,
        "suppressed": false,
        "visible": true,
        "adaptive": false,
        "flexible": false,
        "dof_translation": 0,
        "dof_rotation": 0,
        "fully_constrained": true,
        "transform": {
          "rotation_matrix": [
            [
              -1.0823122837534122E-16,
              -8.2058035931226233E-16,
              1.0000000000000018
            ],
            [
              0.99999999999999767,
              1.772463517925395E-15,
              2.1482660361240649E-15
            ],
            [
              -3.0953459313479374E-16,
              0.99999999999999944,
              -6.5372998060890978E-31
            ]
          ],
          "translation_cm": [
            -117.38698014348711,
            -92.177426727711349,
            132.61152055361924
          ]
        }
      },
      {
        "node_id": "9097553955:1/9097553955-M4:1",
        "file_name": "C:\\Users\\hrish\\Downloads\\Assemblies for Training ML model\\Assembly 58\\Workspaces\\9097553954\\9097553955-M4.ipt",
        "component_type": "kPartDocumentObject",
        "grounded": false,
        "suppressed": false,
        "visible": true,
        "adaptive": false,
        "flexible": false,
        "dof_translation": 0,
        "dof_rotation": 0,
        "fully_constrained": true,
        "transform": {
          "rotation_matrix": [
            [
              6.4582940513257831E-31,
              -0.99999999999999611,
              -4.6914391953216377E-17
            ],
            [
              3.0953459313479246E-16,
              2.8406561092354642E-15,
              -0.99999999999999789
            ],
            [
              0.99999999999999545,
              2.0261570199409257E-15,
              2.1795630685314044E-16
            ]
          ],
          "translation_cm": [
            -117.38698014348711,
            -77.677426727711364,
            95.711520553619266
          ]
        }
      },
      {
        "node_id": "9097553955:1/9097553955-M5:1",
        "file_name": "C:\\Users\\hrish\\Downloads\\Assemblies for Training ML model\\Assembly 58\\Workspaces\\9097553954\\9097553955-M5.ipt",
        "component_type": "kPartDocumentObject",
        "grounded": false,
        "suppressed": false,
        "visible": true,
        "adaptive": false,
        "flexible": false,
        "dof_translation": 0,
        "dof_rotation": 0,
        "fully_constrained": true,
        "transform": {
          "rotation_matrix": [
            [
              0.99928466297551932,
              -0.037817487245457339,
              6.0811903633455167E-16
            ],
            [
              0.037817487245457339,
              0.99928466297551932,
              1.0452285542537199E-17
            ],
            [
              -6.0807917930161085E-16,
              1.2553023318045776E-17,
              1.0
            ]
          ],
          "translation_cm": [
            -117.38698014348708,
            -92.177426727711349,
            117.91152055361925
          ]
        }
      },
      {
        "node_id": "9097553955:1/9097553955-M6:1",
        "file_name": "C:\\Users\\hrish\\Downloads\\Assemblies for Training ML model\\Assembly 58\\Workspaces\\9097553954\\9097553955-M6.ipt",
        "component_type": "kPartDocumentObject",
        "grounded": false,
        "suppressed": false,
        "visible": true,
        "adaptive": false,
        "flexible": false,
        "dof_translation": 0,
        "dof_rotation": 0,
        "fully_constrained": true,
        "transform": {
          "rotation_matrix": [
            [
              -0.99999999999999212,
              2.3313762006350686E-16,
              2.96220085198656E-17
            ],
            [
              2.9717276755346451E-16,
              -0.99999999999999689,
              2.8475026317764527E-16
            ],
            [
              1.0408340855860611E-17,
              3.095345931347932E-16,
              0.99999999999999889
            ]
          ],
          "translation_cm": [
            -117.38698014348711,
            -92.177426727711364,
            77.611520553619314
          ]
        }
      },
      {
        "node_id": "9097553955:1/9097553955-M7:1",
        "file_name": "C:\\Users\\hrish\\Downloads\\Assemblies for Training ML model\\Assembly 58\\Workspaces\\9097553954\\9097553955-M7.ipt",
        "component_type": "kPartDocumentObject",
        "grounded": false,
        "suppressed": false,
        "visible": true,
        "adaptive": false,
        "flexible": false,
        "dof_translation": 0,
        "dof_rotation": 0,
        "fully_constrained": true,
        "transform": {
          "rotation_matrix": [
            [
              4.1836918844059916E-17,
              2.3349871582266851E-16,
              0.99999999999999889
            ],
            [
              -7.8238129671219791E-17,
              0.99999999999999911,
              -2.9717276755346682E-16
            ],
            [
              -0.99999999999999833,
              -3.8354946144313759E-16,
              1.1071672343676509E-31
            ]
          ],
          "translation_cm": [
            -118.68698014348711,
            -92.177426727711392,
            86.6115205536193
          ]
        }
      },
      {
        "node_id": "9097553955:1/9097553955-M8:1",
        "file_name": "C:\\Users\\hrish\\Downloads\\Assemblies for Training ML model\\Assembly 58\\Workspaces\\9097553954\\9097553955-M8.ipt",
        "component_type": "kPartDocumentObject",
        "grounded": false,
        "suppressed": false,
        "visible": true,
        "adaptive": false,
        "flexible": false,
        "dof_translation": 0,
        "dof_rotation": 0,
        "fully_constrained": true,
        "transform": {
          "rotation_matrix": [
            [
              0.70710678118644543,
              -0.49999999999999978,
              -0.49999999999999978
            ],
            [
              0.70710678118644565,
              0.49999999999999933,
              0.49999999999999978
            ],
            [
              -2.0598252577444742E-16,
              -0.7071067811864461,
              0.70710678118644588
            ]
          ],
          "translation_cm": [
            -124.60216014348711,
            -84.96224672771136,
            100.41532055361925
          ]
        }
      },
      {
        "node_id": "9097553955:1/9097553955-M9:1",
        "file_name": "C:\\Users\\hrish\\Downloads\\Assemblies for Training ML model\\Assembly 58\\Workspaces\\9097553954\\9097553955-M9.ipt",
        "component_type": "kPartDocumentObject",
        "grounded": false,
        "suppressed": false,
        "visible": true,
        "adaptive": false,
        "flexible": false,
        "dof_translation": 0,
        "dof_rotation": 0,
        "fully_constrained": true,
        "transform": {
          "rotation_matrix": [
            [
              -0.99999999999999822,
              -4.047120445562E-16,
              -1.6946356833270882E-16
            ],
            [
              -1.6946356833270887E-16,
              3.095345931347935E-16,
              0.99999999999999822
            ],
            [
              -4.0471204455620007E-16,
              1.0,
              -3.0953459313479354E-16
            ]
          ],
          "translation_cm": [
            -117.38698014348711,
            -92.177426727711364,
            72.166974654106852
          ]
        }
      },
      {
        "node_id": "9097553955:1/9097553955-M10:1",
        "file_name": "C:\\Users\\hrish\\Downloads\\Assemblies for Training ML model\\Assembly 58\\Workspaces\\9097553954\\9097553955-M10.ipt",
        "component_type": "kPartDocumentObject",
        "grounded": false,
        "suppressed": false,
        "visible": true,
        "adaptive": false,
        "flexible": false,
        "dof_translation": 0,
        "dof_rotation": 0,
        "fully_constrained": true,
        "transform": {
          "rotation_matrix": [
            [
              1.0000000000000033,
              8.8181269926963464E-16,
              -6.3020005279139144E-17
            ],
            [
              6.3020005279140969E-17,
              -1.8949281978401392E-15,
              1.0000000000000018
            ],
            [
              8.8181269926963494E-16,
              -1.000000000000004,
              -1.8949281978401361E-15
            ]
          ],
          "translation_cm": [
            -107.63698014348711,
            -107.47742672771138,
            128.71152055361927
          ]
        }
      },
      {
        "node_id": "9097553955:1/9097553955-M11:1",
        "file_name": "C:\\Users\\hrish\\Downloads\\Assemblies for Training ML model\\Assembly 58\\Workspaces\\9097553954\\9097553955-M11.ipt",
        "component_type": "kPartDocumentObject",
        "grounded": false,
        "suppressed": false,
        "visible": true,
        "adaptive": false,
        "flexible": false,
        "dof_translation": 0,
        "dof_rotation": 0,
        "fully_constrained": true,
        "transform": {
          "rotation_matrix": [
            [
              1.7208456881689915E-15,
              -1.0000000000000058,
              -4.6998888417972687E-17
            ],
            [
              -1.8949281978401432E-15,
              -4.699888841797551E-17,
              1.000000000000004
            ],
            [
              -1.0000000000000064,
              -1.7208456881689928E-15,
              -1.8949281978401593E-15
            ]
          ],
          "translation_cm": [
            -107.63698014348711,
            -107.17742672771138,
            128.71152055361927
          ]
        }
      },
      {
        "node_id": "9097553955:1/9097553955-M12:1",
        "file_name": "C:\\Users\\hrish\\Downloads\\Assemblies for Training ML model\\Assembly 58\\Workspaces\\9097553954\\9097553955-M12.ipt",
        "component_type": "kPartDocumentObject",
        "grounded": false,
        "suppressed": false,
        "visible": true,
        "adaptive": false,
        "flexible": false,
        "dof_translation": 0,
        "dof_rotation": 0,
        "fully_constrained": true,
        "transform": {
          "rotation_matrix": [
            [
              2.3069590829007647E-16,
              0.99999999999999845,
              -1.8731471741361946E-32
            ],
            [
              -0.99999999999999845,
              2.3069590829007677E-16,
              3.0953459313479389E-16
            ],
            [
              3.0953459313479335E-16,
              -4.9641115155588724E-31,
              1.0
            ]
          ],
          "translation_cm": [
            -117.38698014348711,
            -92.177426727711364,
            68.711520553619252
          ]
        }
      },
      {
        "node_id": "9097553955:1/9097553955-M13:1",
        "file_name": "C:\\Users\\hrish\\Downloads\\Assemblies for Training ML model\\Assembly 58\\Workspaces\\9097553954\\9097553955-M13.ipt",
        "component_type": "kPartDocumentObject",
        "grounded": false,
        "suppressed": false,
        "visible": true,
        "adaptive": false,
        "flexible": false,
        "dof_translation": 0,
        "dof_rotation": 0,
        "fully_constrained": true,
        "transform": {
          "rotation_matrix": [
            [
              -1.6946356833270968E-16,
              -1.0000000000000033,
              4.2213958938215735E-30
            ],
            [
              1.0000000000000033,
              -1.6946356833270968E-16,
              3.0953459313479364E-16
            ],
            [
              -3.0953459313479488E-16,
              4.22454692392031E-30,
              1.0
            ]
          ],
          "translation_cm": [
            -117.38698014348711,
            -92.177426727711364,
            68.211520553619252
          ]
        }
      },
      {
        "node_id": "9097553955:1/9097553955-M15:1",
        "file_name": "C:\\Users\\hrish\\Downloads\\Assemblies for Training ML model\\Assembly 58\\Workspaces\\9097553954\\9097553955-M15.ipt",
        "component_type": "kPartDocumentObject",
        "grounded": false,
        "suppressed": false,
        "visible": true,
        "adaptive": false,
        "flexible": false,
        "dof_translation": 0,
        "dof_rotation": 0,
        "fully_constrained": true,
        "transform": {
          "rotation_matrix": [
            [
              0.99999999999999634,
              -1.8731471741360392E-32,
              -4.691439195321443E-17
            ],
            [
              -4.6914391953216796E-17,
              3.0953459313479226E-16,
              -0.99999999999999856
            ],
            [
              3.2085122426429113E-30,
              0.99999999999999634,
              3.0953459313479374E-16
            ]
          ],
          "translation_cm": [
            -117.38698014348711,
            -78.677426727711378,
            120.46152055361929
          ]
        }
      },
      {
        "node_id": "0852001150-M1:1",
        "file_name": "C:\\Users\\hrish\\Downloads\\Assemblies for Training ML model\\Assembly 58\\Workspaces\\9097553954\\0852001150-M1.ipt",
        "component_type": "kPartDocumentObject",
        "grounded": false,
        "suppressed": false,
        "visible": true,
        "adaptive": false,
        "flexible": false,
        "dof_translation": 0,
        "dof_rotation": 0,
        "fully_constrained": true,
        "transform": {
          "rotation_matrix": [
            [
              -0.99999999999999589,
              -1.694635683327087E-16,
              1.3818454941713856E-30
            ],
            [
              -4.3314153668132029E-16,
              0.999999999999997,
              -4.3199927304952854E-16
            ],
            [
              8.0679334337281684E-16,
              -1.3965055256926332E-15,
              -0.99999999999999889
            ]
          ],
          "translation_cm": [
            -125.78698014348714,
            -92.177426727711335,
            72.166974654106909
          ]
        }
      },
      {
        "node_id": "0661100027-M1-00:1",
        "file_name": "C:\\Users\\hrish\\Downloads\\Assemblies for Training ML model\\Assembly 58\\Workspaces\\9097553954\\0661100027-M1-00.ipt",
        "component_type": "kPartDocumentObject",
        "grounded": false,
        "suppressed": false,
        "visible": true,
        "adaptive": false,
        "flexible": false,
        "dof_translation": 0,
        "dof_rotation": 1,
        "fully_constrained": false,
        "transform": {
          "rotation_matrix": [
            [
              6.9174090392514508E-16,
              1.0,
              -3.627289029264988E-17
            ],
            [
              -0.998969138061886,
              6.92674665540796E-16,
              0.0453945062737185
            ],
            [
              0.0453945062737185,
              4.8342599278080106E-18,
              0.998969138061886
            ]
          ],
          "translation_cm": [
            -128.86048014348714,
            -92.177426727711378,
            72.166974654106909
          ]
        }
      },
      {
        "node_id": "0583812097-M1:1",
        "file_name": "C:\\Users\\hrish\\Downloads\\Assemblies for Training ML model\\Assembly 58\\Workspaces\\9097553954\\0583812097-M1.ipt",
        "component_type": "kPartDocumentObject",
        "grounded": false,
        "suppressed": false,
        "visible": true,
        "adaptive": false,
        "flexible": false,
        "dof_translation": 0,
        "dof_rotation": 0,
        "fully_constrained": true,
        "transform": {
          "rotation_matrix": [
            [
              -1.1413128856350026E-30,
              -0.99999999999999933,
              1.6946356833268035E-16
            ],
            [
              3.0953459313479818E-16,
              -7.0375839893351805E-16,
              -1.0000000000000109
            ],
            [
              1.0000000000000149,
              -4.3553099239412478E-16,
              5.16351953036712E-16
            ]
          ],
          "translation_cm": [
            -131.11398014348714,
            -92.177426727711335,
            72.166974654106937
          ]
        }
      },
      {
        "node_id": "9096994675-M1:1",
        "file_name": "C:\\Users\\hrish\\Downloads\\Assemblies for Training ML model\\Assembly 58\\Workspaces\\9097553954\\9096994675-M1.ipt",
        "component_type": "kPartDocumentObject",
        "grounded": false,
        "suppressed": false,
        "visible": true,
        "adaptive": false,
        "flexible": false,
        "dof_translation": 0,
        "dof_rotation": 0,
        "fully_constrained": true,
        "transform": {
          "rotation_matrix": [
            [
              -0.99999999999999756,
              -4.3377003266373623E-15,
              -3.69149155687865E-15
            ],
            [
              1.1102230246251549E-16,
              3.0953459313479552E-16,
              0.99999999999999245
            ],
            [
              -3.4461255038088893E-15,
              1.0000000000000067,
              1.2768941990160045E-15
            ]
          ],
          "translation_cm": [
            -117.2334431936724,
            -78.677426727711349,
            120.21152055361924
          ]
        }
      },
      {
        "node_id": "0129310300-M2:1",
        "file_name": "C:\\Users\\hrish\\Downloads\\Assemblies for Training ML model\\Assembly 58\\Workspaces\\9097553954\\0129310300-M2.ipt",
        "component_type": "kPartDocumentObject",
        "grounded": false,
        "suppressed": false,
        "visible": true,
        "adaptive": false,
        "flexible": false,
        "dof_translation": 0,
        "dof_rotation": 1,
        "fully_constrained": false,
        "transform": {
          "rotation_matrix": [
            [
              -1.74956855972111E-16,
              -0.312970905637679,
              0.949762713641707
            ],
            [
              1.0,
              2.3922793329283023E-16,
              2.6304305144235868E-16
            ],
            [
              -3.0953463236803484E-16,
              0.949762713641707,
              0.312970905637679
            ]
          ],
          "translation_cm": [
            -121.88698014348704,
            -78.77039829530969,
            122.96152055361922
          ]
        }
      },
      {
        "node_id": "0129310300-M2:2",
        "file_name": "C:\\Users\\hrish\\Downloads\\Assemblies for Training ML model\\Assembly 58\\Workspaces\\9097553954\\0129310300-M2.ipt",
        "component_type": "kPartDocumentObject",
        "grounded": false,
        "suppressed": false,
        "visible": true,
        "adaptive": false,
        "flexible": false,
        "dof_translation": 0,
        "dof_rotation": 1,
        "fully_constrained": false,
        "transform": {
          "rotation_matrix": [
            [
              -1.74956855972111E-16,
              -0.312970905637679,
              0.949762713641707
            ],
            [
              1.0,
              2.3922793329283023E-16,
              2.6304305144235868E-16
            ],
            [
              -3.0953463236803484E-16,
              0.949762713641707,
              0.312970905637679
            ]
          ],
          "translation_cm": [
            -112.88698014348709,
            -78.77039829530969,
            117.96152055361927
          ]
        }
      },
      {
        "node_id": "0129310300-M2:3",
        "file_name": "C:\\Users\\hrish\\Downloads\\Assemblies for Training ML model\\Assembly 58\\Workspaces\\9097553954\\0129310300-M2.ipt",
        "component_type": "kPartDocumentObject",
        "grounded": false,
        "suppressed": false,
        "visible": true,
        "adaptive": false,
        "flexible": false,
        "dof_translation": 0,
        "dof_rotation": 1,
        "fully_constrained": false,
        "transform": {
          "rotation_matrix": [
            [
              -1.74956855972111E-16,
              -0.312970905637679,
              0.949762713641707
            ],
            [
              1.0,
              2.3922793329283023E-16,
              2.6304305144235868E-16
            ],
            [
              -3.0953463236803484E-16,
              0.949762713641707,
              0.312970905637679
            ]
          ],
          "translation_cm": [
            -121.88698014348705,
            -78.77039829530969,
            117.96152055361921
          ]
        }
      },
      {
        "node_id": "0129310300-M2:4",
        "file_name": "C:\\Users\\hrish\\Downloads\\Assemblies for Training ML model\\Assembly 58\\Workspaces\\9097553954\\0129310300-M2.ipt",
        "component_type": "kPartDocumentObject",
        "grounded": false,
        "suppressed": false,
        "visible": true,
        "adaptive": false,
        "flexible": false,
        "dof_translation": 0,
        "dof_rotation": 1,
        "fully_constrained": false,
        "transform": {
          "rotation_matrix": [
            [
              -1.74956855972111E-16,
              -0.312970905637679,
              0.949762713641707
            ],
            [
              1.0,
              2.3922793329283023E-16,
              2.6304305144235868E-16
            ],
            [
              -3.0953463236803484E-16,
              0.949762713641707,
              0.312970905637679
            ]
          ],
          "translation_cm": [
            -112.88698014348711,
            -78.77039829530969,
            122.96152055361927
          ]
        }
      }
    ],
    "constraint_edges": [
      {
        "constraint_name": "Insert:2",
        "constraint_type": "kInsertConstraint",
        "suppressed": false,
        "health_status": "kUpToDateHealth",
        "node_one_id": "0661100027-M1-00:1",
        "node_two_id": "0852001150-M1:1",
        "axes_opposed": true,
        "lock_rotation": false,
        "entity_one": {
          "entity_type": "67120288",
          "proxy_context_occurrence": "0661100027-M1-00:1",
          "owner_document": "C:\\Users\\hrish\\Downloads\\Assemblies for Training ML model\\Assembly 58\\Workspaces\\9097553954\\0661100027-M1-00.ipt",
          "reference_key_string": "AQQBABAAAAAAAAAAAgAAAAQAAAAGAAAA",
          "context_key_string": "nsIrpNQR6AFgAC2z7in7sAQAAB5AAADIMgIotS/9IIFFAwBkBQABAADtN0PA0xEdDmAAALgylIewAAABAQAAsS28CdARH+wACNywOz6oCQIBAACyBAAAAFQAZQBzAHQAG+Si+cJLhe3NzH2tMX3wKQD/////AAAAAAAABgBICM1Q4SAAYOo/XxjmxA==",
          "curve_type": "kCircleCurve",
          "length_cm": 8.97867180395963,
          "edge_midpoint": [
            -1.429,
            0.12349999999999985,
            -4.5960145327758271E-16
          ],
          "edge_tangent_at_mid": [
            3.2162452993532727E-16,
            3.4251214449168126E-32,
            -1.0
          ],
          "edge_start_vertex": [
            1.429,
            0.1235,
            0.0
          ],
          "edge_end_vertex": [
            1.429,
            0.1235,
            0.0
          ]
        },
        "entity_two": {
          "entity_type": "67120288",
          "proxy_context_occurrence": "0852001150-M1:1",
          "owner_document": "C:\\Users\\hrish\\Downloads\\Assemblies for Training ML model\\Assembly 58\\Workspaces\\9097553954\\0852001150-M1.ipt",
          "reference_key_string": "AQQBABAAAAAAAAAAAgAAAAQAAAAGAAAA",
          "context_key_string": "nsIrpNQR6AFgAC2z7in7sAQAAB5AAADIMgIotS/9IIFFAwBkBQABAADtN0PA0xEdDmAAALgylIewAAABAQAAsS28CdARH+wACNywOz6oCQIBAACyBAAAAFQAZQBzAHQAdfItQrZIpSY7yniRwvX1fQD/////AAAAAAAABgBICM1Q4SAAYOo/XxjmxA==",
          "curve_type": "kCircleCurve",
          "length_cm": 6.6915923521462615,
          "edge_midpoint": [
            2.95,
            1.0650000000000004,
            -1.3042488410919316E-16
          ],
          "edge_tangent_at_mid": [
            0.0,
            1.2246467991473532E-16,
            1.0
          ],
          "edge_start_vertex": [
            2.95,
            -1.0650000000000004,
            0.0
          ],
          "edge_end_vertex": [
            2.95,
            -1.0650000000000004,
            0.0
          ]
        }
      },
      {
        "constraint_name": "Insert:3",
        "constraint_type": "kInsertConstraint",
        "suppressed": false,
        "health_status": "kUpToDateHealth",
        "node_one_id": "0583812097-M1:1",
        "node_two_id": "0661100027-M1-00:1",
        "axes_opposed": true,
        "lock_rotation": false,
        "entity_one": {
          "entity_type": "67120288",
          "proxy_context_occurrence": "0583812097-M1:1",
          "owner_document": "C:\\Users\\hrish\\Downloads\\Assemblies for Training ML model\\Assembly 58\\Workspaces\\9097553954\\0583812097-M1.ipt",
          "reference_key_string": "AQQBABAAAAAAAAAAAgAAAAQAAAAGAAAA",
          "context_key_string": "nsIrpNQR6AFgAC2z7in7sAQAAB5AAADIMgIotS/9IIFFAwBkBQABAADtN0PA0xEdDmAAALgylIewAAABAQAAsS28CdARH+wACNywOz6oCQIBAACyBAAAAFQAZQBzAHQAzPTQFJtMbJg/l0+TV8EHHQD/////AAAAAAAABgBICM1Q4SAAYOo/XxjmxA==",
          "curve_type": "kCircleCurve",
          "length_cm": 8.1681408993334621,
          "edge_midpoint": [
            -1.3,
            -2.13,
            -2.62416351275037E-16
          ],
          "edge_tangent_at_mid": [
            -2.0185873175002846E-16,
            0.0,
            1.0
          ],
          "edge_start_vertex": [
            1.3,
            -2.13,
            4.2162043516419297E-16
          ],
          "edge_end_vertex": [
            1.3,
            -2.13,
            4.2162043516419297E-16
          ]
        },
        "entity_two": {
          "entity_type": "67120288",
          "proxy_context_occurrence": "0661100027-M1-00:1",
          "owner_document": "C:\\Users\\hrish\\Downloads\\Assemblies for Training ML model\\Assembly 58\\Workspaces\\9097553954\\0661100027-M1-00.ipt",
          "reference_key_string": "AQQBABAAAAAAAAAAAgAAAAcAAAAGAAAA",
          "context_key_string": "nsIrpNQR6AFgAC2z7in7sAQAAB5AAADIMgIotS/9IIFFAwBkBQABAADtN0PA0xEdDmAAALgylIewAAABAQAAsS28CdARH+wACNywOz6oCQIBAACyBAAAAFQAZQBzAHQAG+Si+cJLhe3NzH2tMX3wKQD/////AAAAAAAABgBICM1Q4SAAYOo/XxjmxA==",
          "curve_type": "kCircleCurve",
          "length_cm": 8.97867180395963,
          "edge_midpoint": [
            -1.429,
            -0.12350000000000015,
            -4.5960145327758271E-16
          ],
          "edge_tangent_at_mid": [
            3.2162452993532727E-16,
            3.4251214449168126E-32,
            -1.0
          ],
          "edge_start_vertex": [
            1.429,
            -0.1235,
            0.0
          ],
          "edge_end_vertex": [
            1.429,
            -0.1235,
            0.0
          ]
        }
      },
      {
        "constraint_name": "Insert:4",
        "constraint_type": "kInsertConstraint",
        "suppressed": false,
        "health_status": "kUpToDateHealth",
        "node_one_id": "0852001150-M1:1",
        "node_two_id": "9097553955:1",
        "axes_opposed": true,
        "lock_rotation": false,
        "entity_one": {
          "entity_type": "67120288",
          "proxy_context_occurrence": "0852001150-M1:1",
          "owner_document": "C:\\Users\\hrish\\Downloads\\Assemblies for Training ML model\\Assembly 58\\Workspaces\\9097553954\\0852001150-M1.ipt",
          "reference_key_string": "AQQBABAAAAAAAAAAAgAAAAgAAAAGAAAA",
          "context_key_string": "nsIrpNQR6AFgAC2z7in7sAQAAB5AAADIMgIotS/9IIFFAwBkBQABAADtN0PA0xEdDmAAALgylIewAAABAQAAsS28CdARH+wACNywOz6oCQIBAACyBAAAAFQAZQBzAHQAdfItQrZIpSY7yniRwvX1fQD/////AAAAAAAABgBICM1Q4SAAYOo/XxjmxA==",
          "curve_type": "kCircleCurve",
          "length_cm": 6.7452745880146736,
          "edge_midpoint": [
            -2.3999999999999986,
            0.53677189659734026,
            0.92971619698170382
          ],
          "edge_tangent_at_mid": [
            0.0,
            -0.86602540378443893,
            0.49999999999999961
          ],
          "edge_start_vertex": [
            -2.3999999999999986,
            -0.53677189659734192,
            -0.92971619698170371
          ],
          "edge_end_vertex": [
            -2.3999999999999986,
            -0.53677189659734192,
            -0.92971619698170371
          ]
        },
        "entity_two": {
          "entity_type": "67120288",
          "proxy_context_occurrence": "9097553955-M9:1",
          "owner_document": "C:\\Users\\hrish\\Downloads\\Assemblies for Training ML model\\Assembly 58\\Workspaces\\9097553954\\9097553955-M9.ipt",
          "reference_key_string": "AQQBABAAAAAAAAAAAgAAAAQAAAAGAAAA",
          "context_key_string": "nsIrpNQR6AFgAC2z7in7sAQAAB5AAADIMgIotS/9IIFFAwBkBQABAADtN0PA0xEdDmAAALgylIewAAABAQAAsS28CdARH+wACNywOz6oCQIBAACyBAAAAFQAZQBzAHQA9Dl+rH1F+lcVnFSap00//AD/////AAAAAAAABgBICM1Q4SAAYOo/XxjmxA==",
          "curve_type": "kCircleCurve",
          "length_cm": 5.9690260418206069,
          "edge_midpoint": [
            6.0,
            -0.95000000000000007,
            0.0
          ],
          "edge_tangent_at_mid": [
            0.0,
            0.0,
            1.0
          ],
          "edge_start_vertex": [
            6.0,
            0.95000000000000007,
            1.1634144591899857E-16
          ],
          "edge_end_vertex": [
            6.0,
            0.95000000000000007,
            1.1634144591899857E-16
          ]
        }
      },
      {
        "constraint_name": "Angle:1",
        "constraint_type": "kAngleConstraint",
        "suppressed": false,
        "health_status": "kUpToDateHealth",
        "node_one_id": "0852001150-M1:1",
        "node_two_id": "9097553955:1",
        "angle_rad": 3.1415926535897931,
        "solution": "kDirectedSolution",
        "entity_one": {
          "entity_type": "83887776",
          "proxy_context_occurrence": "0852001150-M1:1",
          "owner_document": "C:\\Users\\hrish\\Downloads\\Assemblies for Training ML model\\Assembly 58\\Workspaces\\9097553954\\0852001150-M1.ipt",
          "reference_key_string": "EAIAABAAAAALAAAAAAAAAIAAAAAAAAAA",
          "context_key_string": "nsIrpNQR6AFgAC2z7in7sAQAAB5AAADIMgIotS/9IIFFAwBkBQABAADtN0PA0xEdDmAAALgylIewAAABAQAAsS28CdARH+wACNywOz6oCQIBAACyBAAAAFQAZQBzAHQAdfItQrZIpSY7yniRwvX1fQD/////AAAAAAAABgBICM1Q4SAAYOo/XxjmxA==",
          "surface_type": "kPlaneSurface",
          "area_cm2": 0.0001,
          "face_normal_at_center": [
            0.0,
            0.0,
            1.0
          ],
          "face_point_at_center": [
            0.0,
            0.0,
            0.0
          ],
          "work_feature_name": "XY Plane"
        },
        "entity_two": {
          "entity_type": "67119520",
          "proxy_context_occurrence": "9097553955-M13:1",
          "owner_document": "C:\\Users\\hrish\\Downloads\\Assemblies for Training ML model\\Assembly 58\\Workspaces\\9097553954\\9097553955-M13.ipt",
          "reference_key_string": "AQQKAFgAAAAAAAAAAgAAAAEAAAADAAAABwAAAAYAAAAKAAAABgAAAA0AAAAGAAAAEAAAAAYAAAASAAAABgAAABMAAAAGAAAAFgAAAAYAAAAZAAAABgAAABwAAAAGAAAA",
          "context_key_string": "nsIrpNQR6AFgAC2z7in7sAQAAB5AAADIMgIotS/9IIFFAwBkBQABAADtN0PA0xEdDmAAALgylIewAAABAQAAsS28CdARH+wACNywOz6oCQIBAACyBAAAAFQAZQBzAHQAkxzYab5Bw3qfWdGfR+4uMQD/////AAAAAAAABgBICM1Q4SAAYOo/XxjmxA==",
          "surface_type": "kPlaneSurface",
          "area_cm2": 178.89403392132456,
          "face_normal_at_center": [
            0.0,
            0.0,
            1.0
          ],
          "face_point_at_center": [
            -4.8171494309278439E-15,
            -4.4556113809917441,
            0.5
          ],
          "face_bbox_min": [
            -12.5,
            -12.5,
            0.5
          ],
          "face_bbox_max": [
            12.5,
            8.6267027304758841,
            0.5
          ],
          "loops": [
            {
              "is_outer": true,
              "edge_reference_keys": [
                "AQQBABAAAAAAAAAAAgAAAAcAAAAGAAAA",
                "AQQBABAAAAAAAAAAAgAAAAoAAAAGAAAA",
                "AQQBABAAAAAAAAAAAgAAAA0AAAAGAAAA",
                "AQQBABAAAAAAAAAAAgAAABAAAAAGAAAA",
                "AQQBABAAAAAAAAAAAgAAABIAAAAGAAAA",
                "AQQBABAAAAAAAAAAAgAAABMAAAAGAAAA"
              ]
            },
            {
              "is_outer": false,
              "edge_reference_keys": [
                "AQQBABAAAAAAAAAAAgAAABYAAAAGAAAA"
              ]
            },
            {
              "is_outer": false,
              "edge_reference_keys": [
                "AQQBABAAAAAAAAAAAgAAABkAAAAGAAAA"
              ]
            },
            {
              "is_outer": false,
              "edge_reference_keys": [
                "AQQBABAAAAAAAAAAAgAAABwAAAAGAAAA"
              ]
            }
          ]
        }
      },
      {
        "constraint_name": "Angle:2",
        "constraint_type": "kAngleConstraint",
        "suppressed": false,
        "health_status": "kUpToDateHealth",
        "node_one_id": "0583812097-M1:1",
        "node_two_id": "9097553955:1",
        "angle_rad": 0.0,
        "solution": "kDirectedSolution",
        "entity_one": {
          "entity_type": "83887776",
          "proxy_context_occurrence": "0583812097-M1:1",
          "owner_document": "C:\\Users\\hrish\\Downloads\\Assemblies for Training ML model\\Assembly 58\\Workspaces\\9097553954\\0583812097-M1.ipt",
          "reference_key_string": "EAIAABAAAAAJAAAAAAAAAIAAAAAAAAAA",
          "context_key_string": "nsIrpNQR6AFgAC2z7in7sAQAAB5AAADIMgIotS/9IIFFAwBkBQABAADtN0PA0xEdDmAAALgylIewAAABAQAAsS28CdARH+wACNywOz6oCQIBAACyBAAAAFQAZQBzAHQAzPTQFJtMbJg/l0+TV8EHHQD/////AAAAAAAABgBICM1Q4SAAYOo/XxjmxA==",
          "surface_type": "kPlaneSurface",
          "area_cm2": 0.0001,
          "face_normal_at_center": [
            1.0,
            0.0,
            0.0
          ],
          "face_point_at_center": [
            0.0,
            0.0,
            0.0
          ],
          "work_feature_name": "YZ Plane"
        },
        "entity_two": {
          "entity_type": "67119520",
          "proxy_context_occurrence": "9097553955-M13:1",
          "owner_document": "C:\\Users\\hrish\\Downloads\\Assemblies for Training ML model\\Assembly 58\\Workspaces\\9097553954\\9097553955-M13.ipt",
